// Start Time: Unknown
// Update Rate: 100.0Hz
// Filter Profile: human (46.1)
// Firmware Version: 4.3.5
PacketCounter	Acc_X	Acc_Y	Acc_Z	Gyr_X	Gyr_Y	Gyr_Z	Roll	Pitch	Yaw
08102	9.764537	-1.772556	0.519820	0.005499	0.012614	-0.017503	-73.683057	-79.283872	-7.884947
08103	9.737619	-1.715054	0.551619	0.004465	0.012430	-0.019297	-72.199196	-79.513917	-9.644376
08104	9.751481	-1.741035	0.537460	-0.007973	0.010458	-0.019027	-72.935095	-79.404497	-8.784112
08105	9.740456	-1.758920	0.564238	-0.016357	0.010599	-0.020568	-72.894906	-79.413978	-8.834532
08106	9.741923	-1.780781	0.570140	-0.018038	0.006848	-0.021059	-72.864958	-79.424683	-8.875962
08107	9.758165	-1.854259	0.566224	-0.012420	0.011720	-0.020325	-72.819284	-79.433829	-8.929663
08108	9.717750	-1.883420	0.548407	-0.007783	0.007465	-0.022862	-72.780923	-79.444848	-8.973217
08109	9.750321	-1.858178	0.535006	0.002439	0.005711	-0.013622	-72.750334	-79.451332	-9.002911
08110	9.729588	-1.860490	0.523836	0.012081	0.007736	-0.014402	-72.708363	-79.457040	-9.038591
08111	9.728617	-1.835403	0.519414	0.019204	0.005435	-0.010541	-72.671725	-79.461880	-9.064665
08112	9.740096	-1.814431	0.494411	0.022110	0.006377	-0.012088	-72.631958	-79.465835	-9.092324
08113	9.700519	-1.753431	0.546518	0.026663	0.006099	-0.012858	-72.586899	-79.471821	-9.122616
08114	9.682134	-1.803279	0.546182	0.020543	0.003612	-0.014639	-72.555393	-79.477241	-9.142841
08115	9.703296	-1.798175	0.558900	0.022608	0.003979	-0.011055	-72.520495	-79.482599	-9.165161
08116	9.729621	-1.828772	0.523987	0.028306	0.004873	-0.012091	-72.483761	-79.485601	-9.186200
08117	9.717357	-1.823318	0.545466	0.032328	0.002018	-0.013614	-72.446629	-79.492691	-9.205127
08118	9.697827	-1.849362	0.539787	0.045258	0.001600	-0.012853	-72.411538	-79.495592	-9.214700
08119	9.729076	-1.800773	0.521286	0.052374	-0.000704	-0.009003	-72.375187	-79.500631	-9.221151
08120	9.740494	-1.780105	0.496213	0.057226	-0.000388	-0.004920	-72.349621	-79.498351	-9.214169
08121	9.715602	-1.771248	0.538440	0.059396	0.000959	-0.003411	-72.309565	-79.500046	-9.220296
08122	9.721767	-1.715104	0.560866	0.054394	-0.005330	-0.005159	-72.303225	-79.498305	-9.195535
08123	9.733158	-1.694668	0.535368	0.045927	-0.001217	-0.004939	-72.275850	-79.501213	-9.196614
08124	9.741798	-1.685602	0.568373	0.036826	-0.003284	-0.014146	-72.264252	-79.504349	-9.187404
08125	9.749279	-1.652447	0.596037	0.028277	0.004817	-0.012160	-72.222385	-79.510142	-9.213506
08126	9.733765	-1.690524	0.537431	0.006586	0.008750	-0.017543	-72.184545	-79.513864	-9.248390
08127	9.715513	-1.739938	0.537533	0.000611	0.012213	-0.021671	-72.127627	-79.523539	-9.305918
08128	9.717045	-1.761554	0.544171	-0.004973	0.012303	-0.022691	-72.081780	-79.529845	-9.355723
08129	9.722607	-1.795352	0.497797	0.001024	0.013804	-0.018871	-72.022439	-79.537698	-9.415470
08130	9.743800	-1.789711	0.511245	0.001550	0.016379	-0.018130	-71.969818	-79.539471	-9.468566
08131	9.711864	-1.811344	0.526591	0.002759	0.008601	-0.019853	-71.923741	-79.548760	-9.513815
08132	9.713387	-1.833277	0.532937	0.005439	0.007573	-0.017283	-71.901596	-79.550369	-9.533790
08133	9.712355	-1.808184	0.528405	0.015147	0.008240	-0.009094	-71.859770	-79.553843	-9.567499
08134	9.729375	-1.791052	0.594388	0.017107	0.005003	-0.014201	-71.847126	-79.552087	-9.570933
08135	9.748028	-1.738369	0.596098	0.015236	0.004255	-0.010855	-71.815258	-79.557205	-9.594464
08136	9.769091	-1.733427	0.609002	0.016287	0.009408	-0.009372	-71.790665	-79.552785	-9.611734
08137	9.772085	-1.720610	0.551537	0.006882	0.009350	-0.012693	-71.746680	-79.557988	-9.652467
08138	9.726316	-1.714815	0.581850	0.003695	0.012760	-0.016319	-71.709783	-79.557829	-9.688609
08139	9.752767	-1.745376	0.547631	0.002350	0.014590	-0.012230	-71.653356	-79.561835	-9.744627
08140	9.703931	-1.783505	0.498288	0.001953	0.017955	-0.015349	-71.603532	-79.558804	-9.795059
08141	9.711272	-1.750268	0.526736	0.004200	0.010370	-0.015272	-71.555419	-79.565188	-9.841546
08142	9.680900	-1.737000	0.477950	0.005755	0.013137	-0.012739	-71.525661	-79.561192	-9.870221
08143	9.655971	-1.727729	0.520139	-0.002331	0.008923	-0.009085	-71.491557	-79.564455	-9.906282
08144	9.692017	-1.774764	0.523297	-0.005343	0.007007	-0.005463	-71.497094	-79.558134	-9.904444
08145	9.732664	-1.742652	0.542237	-0.010307	0.005687	-0.007497	-71.478749	-79.561179	-9.929128
08146	9.746579	-1.769758	0.527486	-0.012480	0.004324	-0.009021	-71.496446	-79.555279	-9.921985
08147	9.729964	-1.752951	0.601518	-0.011544	0.008497	-0.005473	-71.472377	-79.556718	-9.953256
08148	9.717507	-1.748245	0.622498	-0.009690	0.004280	-0.008513	-71.488695	-79.554572	-9.946054
08149	9.777500	-1.779163	0.578751	-0.014830	0.008281	-0.017801	-71.454927	-79.562782	-9.989122
08150	9.756816	-1.781620	0.567403	-0.013388	0.010068	-0.013200	-71.450268	-79.560951	-10.001490
08151	9.777901	-1.776466	0.580256	-0.013897	0.012451	-0.014255	-71.407249	-79.566487	-10.053396
08152	9.730471	-1.838414	0.535749	-0.009966	0.013579	-0.014016	-71.389170	-79.564862	-10.077086
08153	9.695936	-1.813109	0.539950	0.000786	0.011817	-0.014777	-71.339211	-79.570830	-10.127464
08154	9.694816	-1.788186	0.535528	0.007796	0.008563	-0.008837	-71.338788	-79.562507	-10.118890
08155	9.692371	-1.739745	0.525564	0.006146	0.009774	-0.009621	-71.297124	-79.566041	-10.157651
08156	9.681221	-1.758447	0.552448	0.004483	0.006026	-0.010093	-71.303141	-79.558811	-10.153348
08157	9.701024	-1.729549	0.559510	0.009242	0.002749	-0.014687	-71.275152	-79.566308	-10.176424
08158	9.702496	-1.752062	0.565633	-0.000579	0.008682	-0.010379	-71.274660	-79.564873	-10.180987
08159	9.684368	-1.802241	0.565323	0.004181	0.005405	-0.014973	-71.241484	-79.572072	-10.212285
08160	9.716763	-1.777181	0.552015	0.001910	0.008020	-0.014745	-71.239794	-79.567846	-10.211361
08161	9.697379	-1.803410	0.546482	0.000780	0.011807	-0.014789	-71.189961	-79.573782	-10.261555
08162	9.701484	-1.873211	0.564113	0.006981	0.010322	-0.014777	-71.183341	-79.563767	-10.260772
08163	9.721220	-1.844380	0.571827	0.017302	0.009612	-0.007577	-71.137732	-79.566077	-10.297008
08164	9.754811	-1.843393	0.564745	0.020421	0.012503	-0.013271	-71.111212	-79.557587	-10.316719
08165	9.732707	-1.822677	0.548741	0.018740	0.011402	-0.002975	-71.064003	-79.557060	-10.353789
08166	9.750957	-1.770935	0.551124	0.024830	0.008939	-0.000894	-71.060946	-79.542474	-10.344502
08167	9.781854	-1.723012	0.532649	0.012850	0.005896	-0.008566	-71.027641	-79.546026	-10.370891
08168	9.705018	-1.765523	0.581977	0.005808	0.006832	-0.003431	-71.044319	-79.540564	-10.353131
08169	9.752444	-1.792942	0.559045	0.004880	0.002656	-0.006980	-71.026836	-79.543868	-10.368040
08170	9.759513	-1.760581	0.586385	0.007560	0.001640	-0.004397	-71.056353	-79.533240	-10.331507
08171	9.740010	-1.787819	0.580194	0.001359	0.003124	-0.004412	-71.042200	-79.535049	-10.345054
08172	9.773527	-1.787510	0.572209	0.000227	0.006910	-0.004458	-71.054533	-79.520527	-10.332384
08173	9.753974	-1.814922	0.566399	-0.000504	0.007339	-0.001377	-71.032070	-79.519861	-10.355480
08174	9.684362	-1.858387	0.504223	0.005704	0.010812	-0.001682	-71.038333	-79.510542	-10.342766
08175	9.670487	-1.830155	0.520096	0.014389	0.003707	-0.005714	-71.013857	-79.512937	-10.359182
08176	9.685794	-1.881114	0.511214	0.022240	0.001012	-0.004915	-71.041014	-79.504202	-10.314105
08177	9.651101	-1.856643	0.514667	0.037428	-0.001999	-0.004378	-71.021577	-79.506947	-10.311923
08178	9.718120	-1.856289	0.498391	0.045282	0.000258	-0.003908	-71.053298	-79.497185	-10.239470
08179	9.726427	-1.847825	0.531724	0.056834	-0.003266	0.001257	-71.032581	-79.497106	-10.227150
08180	9.719488	-1.787860	0.574386	0.056937	-0.002303	-0.000829	-71.067987	-79.476904	-10.144791
08181	9.714258	-1.692400	0.553181	0.058185	0.004786	-0.003516	-71.018364	-79.477782	-10.160991
08182	9.700418	-1.663683	0.569381	0.040422	0.004826	-0.008381	-71.020602	-79.465489	-10.136533
08183	9.722738	-1.682262	0.588110	0.027618	0.006197	-0.011210	-70.976601	-79.470168	-10.164813
08184	9.757688	-1.704826	0.586338	0.014195	0.008976	-0.013024	-70.977826	-79.464054	-10.151382
08185	9.741300	-1.719941	0.522524	-0.000579	0.013601	-0.010745	-70.929016	-79.467040	-10.200929
08186	9.730159	-1.738321	0.549927	-0.008834	0.014693	-0.014346	-70.919413	-79.465595	-10.217871
08187	9.712110	-1.788517	0.550322	-0.020717	0.015289	-0.013305	-70.874733	-79.469641	-10.274922
08188	9.724899	-1.791355	0.530972	-0.023397	0.016298	-0.015892	-70.869409	-79.470277	-10.292499
08189	9.703880	-1.852770	0.589815	-0.019367	0.013441	-0.017406	-70.825335	-79.476924	-10.348109
08190	9.716741	-1.855350	0.570239	-0.008732	0.010705	-0.016099	-70.828629	-79.474523	-10.348052
08191	9.773976	-1.897421	0.585984	-0.000369	0.010586	-0.014566	-70.784945	-79.480136	-10.392150
08192	9.740740	-1.895733	0.595515	0.010486	0.009796	-0.017403	-70.781564	-79.472323	-10.383379
08193	9.809280	-1.918001	0.585652	0.024940	0.012177	-0.014115	-70.719279	-79.477271	-10.431584
08194	9.785929	-1.873076	0.564092	0.036711	0.010612	-0.013085	-70.706641	-79.470947	-10.417372
08195	9.772098	-1.843822	0.580878	0.045584	0.013066	-0.010827	-70.633519	-79.473874	-10.464479
08196	9.794339	-1.862624	0.600544	0.044519	0.010587	-0.001530	-70.617589	-79.455578	-10.451817
08197	9.799758	-1.806826	0.623619	0.052656	0.008523	0.004140	-70.568909	-79.451178	-10.469930
08198	9.754749	-1.826923	0.659881	0.058189	0.006166	0.016251	-70.574452	-79.439772	-10.432198
08199	9.708242	-1.824113	0.690265	0.064047	0.001759	0.022469	-70.557779	-79.426896	-10.411118
08200	9.666068	-1.834344	0.667465	0.074849	-0.001326	0.030703	-70.595007	-79.398690	-10.320477
08201	9.671247	-1.873259	0.621171	0.080183	-0.008321	0.036177	-70.612158	-79.380306	-10.255517
08202	9.679768	-2.042562	0.662081	0.097056	-0.008934	0.046121	-70.661964	-79.339547	-10.139444
08203	9.757986	-2.109461	0.696397	0.132927	-0.010210	0.047732	-70.665410	-79.315208	-10.057663
08204	9.816343	-2.112373	0.793951	0.160910	0.003788	0.058551	-70.674505	-79.270209	-9.935659
08205	9.931186	-2.159767	0.908598	0.176162	0.017868	0.075533	-70.600947	-79.225514	-9.906898
08206	9.871732	-2.180706	0.970083	0.191721	0.029850	0.086575	-70.517499	-79.156080	-9.876475
08207	9.964051	-2.152940	0.999623	0.182496	0.045665	0.108700	-70.395665	-79.088150	-9.893170
08208	9.987511	-2.103478	1.041371	0.146073	0.068328	0.135220	-70.288244	-78.978035	-9.898949
08209	9.974313	-2.183985	1.089729	0.091660	0.082116	0.172589	-70.183167	-78.868481	-9.951508
08210	9.936824	-2.225052	1.114492	0.025980	0.101445	0.200624	-70.120511	-78.726394	-9.978352
08211	9.908438	-2.308950	1.183981	-0.042322	0.119272	0.243957	-70.065007	-78.571161	-10.058552
08212	9.911987	-2.397856	1.245545	-0.100403	0.139753	0.274128	-69.993648	-78.382718	-10.207378
08213	9.913180	-2.583067	1.240182	-0.142842	0.155533	0.303572	-69.961763	-78.188337	-10.322490
08214	9.916272	-2.760762	1.176311	-0.152105	0.166647	0.330218	-69.928693	-77.949735	-10.432864
08215	10.020587	-3.014576	1.106742	-0.112373	0.173379	0.353408	-69.885837	-77.724921	-10.541457
08216	10.107801	-3.208419	1.192557	-0.037111	0.190145	0.383384	-69.766741	-77.449961	-10.685246
08217	10.121235	-3.237277	1.257529	0.048115	0.204757	0.422451	-69.626045	-77.181684	-10.800124
08218	10.121624	-3.148687	1.408017	0.096383	0.215379	0.464931	-69.463555	-76.859548	-10.913044
08219	10.132137	-2.950928	1.510859	0.107106	0.232039	0.519772	-69.321651	-76.533440	-10.994697
08220	10.050884	-2.662528	1.502062	0.039178	0.244938	0.585760	-69.228960	-76.152801	-11.086778
08221	10.038671	-2.621400	1.535104	-0.083181	0.248497	0.637737	-69.264288	-75.760266	-11.098426
08222	9.985120	-2.770479	1.437776	-0.214646	0.257856	0.701524	-69.385380	-75.304461	-11.095396
08223	9.938991	-3.096917	1.358196	-0.296908	0.260829	0.753796	-69.600252	-74.847255	-11.047974
08224	9.911754	-3.583935	1.360927	-0.326209	0.260676	0.805537	-69.851228	-74.336948	-10.960035
08225	9.973631	-4.104512	1.254700	-0.255057	0.273052	0.855233	-70.073039	-73.822782	-10.880140
08226	10.057962	-4.707181	1.252912	-0.107469	0.277023	0.903083	-70.231711	-73.269529	-10.752771
08227	10.072374	-5.010149	1.259845	0.124427	0.289723	0.960835	-70.260455	-72.695399	-10.646825
08228	10.021397	-4.836940	1.166563	0.311782	0.300449	1.012324	-70.199096	-72.048251	-10.489759
08229	10.031088	-4.710280	1.130229	0.410713	0.310383	1.072169	-70.091656	-71.410205	-10.353605
08230	9.994906	-4.666539	1.179769	0.456479	0.315136	1.135422	-69.993450	-70.717172	-10.177797
08231	9.979246	-4.751470	1.254245	0.490231	0.326126	1.207095	-69.887955	-70.003895	-9.990074
08232	9.878684	-4.950661	1.466783	0.527807	0.338590	1.269376	-69.813409	-69.240279	-9.697093
08233	9.854159	-5.246193	1.560040	0.599741	0.358250	1.333637	-69.658820	-68.453302	-9.492697
08234	9.747013	-5.578828	1.597018	0.725964	0.374555	1.390963	-69.472652	-67.624550	-9.204005
08235	9.680694	-5.764323	1.562682	0.878362	0.397074	1.432576	-69.155630	-66.777817	-9.000163
08236	9.712589	-5.811329	1.645508	1.020005	0.417000	1.481887	-68.812666	-65.883057	-8.670903
08237	9.648226	-5.507274	1.740511	1.090130	0.455678	1.537204	-68.362586	-64.969815	-8.476921
08238	9.519996	-5.421149	1.849741	1.036509	0.485128	1.591065	-67.983423	-64.010463	-8.186854
08239	9.465378	-5.509715	1.801233	0.968087	0.517162	1.650877	-67.598568	-63.025387	-7.994901
08240	9.312918	-5.666868	1.974517	0.899509	0.547462	1.698961	-67.278666	-61.988970	-7.731582
08241	9.151197	-5.755796	2.111172	0.865207	0.580365	1.739809	-66.935326	-60.944440	-7.555817
08242	9.042436	-5.996698	2.242355	0.849288	0.607281	1.772603	-66.621287	-59.840179	-7.326238
08243	8.980222	-6.336804	2.376833	0.880389	0.637719	1.802633	-66.250468	-58.750855	-7.168421
08244	8.914596	-6.705738	2.380972	0.961000	0.662647	1.833727	-65.845072	-57.581574	-6.992351
08245	8.917680	-6.928082	2.428875	1.088828	0.684241	1.857897	-65.350626	-56.453751	-6.835579
08246	8.833131	-6.763356	2.480121	1.193079	0.716202	1.897948	-64.809394	-55.232884	-6.665427
08247	8.705888	-6.552018	2.601791	1.201086	0.748573	1.939635	-64.250490	-54.048708	-6.504343
08248	8.532454	-6.499522	2.762835	1.152097	0.782075	1.976499	-63.732920	-52.773376	-6.329769
08249	8.427217	-6.602005	2.770379	1.098024	0.818593	2.008447	-63.226070	-51.537904	-6.172270
08250	8.235748	-6.835292	2.859912	1.082590	0.851771	2.023579	-62.734692	-50.224202	-6.010133
08251	8.049975	-7.035784	2.903591	1.124849	0.870383	2.037099	-62.205174	-48.962339	-5.856380
08252	7.925113	-7.322618	2.972518	1.211700	0.894488	2.044136	-61.638713	-47.630488	-5.690992
08253	7.818029	-7.392490	3.141069	1.345276	0.920477	2.043017	-60.974868	-46.354146	-5.541865
08254	7.637844	-7.273753	3.399073	1.452887	0.948866	2.042311	-60.263306	-45.012213	-5.381249
08255	7.419995	-6.991477	3.587921	1.496739	0.964371	2.047682	-59.514033	-43.723841	-5.223359
08256	7.216222	-6.820944	3.736294	1.450174	0.976290	2.072078	-58.820713	-42.364640	-5.031883
08257	7.063399	-6.887979	3.810245	1.381173	0.984541	2.079306	-58.155561	-41.057911	-4.839046
08258	6.812168	-7.157671	3.757987	1.350262	0.988522	2.081807	-57.530786	-39.696792	-4.620483
08259	6.684854	-7.274295	3.787628	1.366952	0.991344	2.077083	-56.882696	-38.392557	-4.402646
08260	6.398841	-7.287646	3.925254	1.401572	1.005108	2.060082	-56.228332	-37.043397	-4.173571
08261	6.220061	-7.291607	4.098192	1.441644	1.013278	2.028250	-55.527994	-35.759540	-3.958270
08262	6.156712	-7.270277	4.240055	1.469163	1.043917	1.991105	-54.816746	-34.437478	-3.748362
08263	5.802547	-7.273708	4.402957	1.504016	1.056325	1.966960	-54.063371	-33.172590	-3.549810
08264	5.641729	-7.266038	4.464037	1.545254	1.037704	1.943323	-53.310880	-31.882319	-3.323029
08265	5.477398	-7.162703	4.519688	1.576363	1.039921	1.917943	-52.520441	-30.650332	-3.101739
08266	5.178911	-7.000250	4.633067	1.589330	1.036069	1.887870	-51.740950	-29.394125	-2.863815
08267	4.969410	-6.922518	4.809826	1.577578	1.024307	1.856575	-50.949238	-28.200824	-2.626595
08268	4.803623	-6.939233	4.928469	1.577432	1.016563	1.821520	-50.175004	-26.989862	-2.374733
08269	4.586687	-6.984625	5.138264	1.585197	1.020842	1.776963	-49.370270	-25.838817	-2.137328
08270	4.297598	-7.010733	5.398860	1.595062	1.013486	1.745402	-48.577468	-24.671023	-1.885428
08271	4.070084	-7.013251	5.555329	1.615852	0.994702	1.707900	-47.752361	-23.565862	-1.633856
08272	3.895552	-6.952909	5.686248	1.631512	0.982562	1.662263	-46.933687	-22.453809	-1.372993
08273	3.725370	-6.778820	5.745588	1.625559	0.975082	1.611142	-46.093374	-21.403678	-1.123564
08274	3.536248	-6.735073	5.849409	1.614650	0.956827	1.562257	-45.274780	-20.352017	-0.865486
08275	3.436768	-6.666358	5.958118	1.607821	0.931157	1.528186	-44.440219	-19.360371	-0.604247
08276	3.263409	-6.594336	6.081626	1.599818	0.896538	1.489201	-43.628640	-18.371718	-0.325565
08277	3.162760	-6.474234	6.195478	1.572749	0.870766	1.461713	-42.812646	-17.438788	-0.041938
08278	3.022739	-6.500524	6.335778	1.555781	0.845038	1.422624	-42.022442	-16.507214	0.252686
08279	2.694877	-6.470641	6.417295	1.543089	0.821344	1.388033	-41.217798	-15.631390	0.547303
08280	2.382450	-6.435325	6.514724	1.541744	0.788670	1.348758	-40.430192	-14.761579	0.853350
08281	2.095496	-6.496360	6.529783	1.578837	0.744224	1.298220	-39.599449	-13.960957	1.159460
08282	1.893598	-6.386342	6.688243	1.630284	0.699881	1.241902	-38.754823	-13.178681	1.471885
08283	1.805547	-6.159512	6.774831	1.700255	0.653826	1.183505	-37.847083	-12.468669	1.780476
08284	1.778664	-5.902582	6.917137	1.757584	0.611235	1.113312	-36.921007	-11.781615	2.086404
08285	1.767047	-5.515298	7.060740	1.778246	0.585239	1.040602	-35.957181	-11.162000	2.373428
08286	1.807384	-5.329366	7.079988	1.749166	0.567145	0.972170	-35.023067	-10.553390	2.647451
08287	1.675583	-5.224112	7.146960	1.711940	0.550148	0.901299	-34.084987	-10.005191	2.898690
08288	1.564395	-5.138184	7.174844	1.682415	0.517798	0.837981	-33.178051	-9.472855	3.141254
08289	1.467834	-5.153588	7.246928	1.657908	0.476249	0.780038	-32.263367	-9.006023	3.373334
08290	1.398888	-5.122715	7.442859	1.641805	0.431999	0.723855	-31.373251	-8.558716	3.601035
08291	1.399252	-5.028850	7.555716	1.635797	0.391313	0.664491	-30.465138	-8.175083	3.815171
08292	1.366351	-4.765833	7.733741	1.625088	0.356456	0.598782	-29.577551	-7.809295	4.014668
08293	1.361493	-4.521686	7.948687	1.603132	0.336492	0.534183	-28.680357	-7.496250	4.190055
08294	1.504279	-4.289763	7.989893	1.584277	0.316340	0.461386	-27.807121	-7.195317	4.340664
08295	1.570095	-4.262254	7.993739	1.568121	0.310132	0.395785	-26.921502	-6.937637	4.461499
08296	1.562484	-4.239602	8.005631	1.598329	0.294280	0.341313	-26.032380	-6.685031	4.563956
08297	1.523550	-4.168972	8.003621	1.620674	0.276085	0.285609	-25.110952	-6.476075	4.643893
08298	1.522133	-3.910902	8.154298	1.638839	0.252661	0.231181	-24.193105	-6.276533	4.705810
08299	1.491813	-3.695052	8.344314	1.617094	0.235974	0.180014	-23.268911	-6.115627	4.746002
08300	1.445845	-3.483139	8.482828	1.552206	0.221631	0.131267	-22.395518	-5.958416	4.767376
08301	1.382256	-3.166164	8.499444	1.464756	0.199958	0.070435	-21.553693	-5.841443	4.761729
08302	1.369069	-2.882606	8.489585	1.329841	0.178655	0.022228	-20.802011	-5.731965	4.737416
08303	1.528536	-2.957274	8.568967	1.199608	0.146725	-0.026002	-20.108340	-5.662775	4.693586
08304	1.844463	-3.053006	8.508471	1.146792	0.137398	-0.075729	-19.456213	-5.595594	4.626448
08305	1.862671	-3.025634	8.549213	1.150806	0.127133	-0.122485	-18.786023	-5.554125	4.535484
08306	1.841018	-2.808904	8.540635	1.164391	0.109645	-0.160993	-18.119527	-5.518278	4.428050
08307	1.774372	-2.567985	8.541070	1.132042	0.101431	-0.194506	-17.456936	-5.501348	4.303144
08308	1.755449	-2.417198	8.591066	1.054626	0.078097	-0.219110	-16.850196	-5.492331	4.169626
08309	1.778450	-2.500139	8.622580	0.936327	0.067913	-0.235614	-16.298171	-5.497900	4.027944
08310	1.841022	-2.591700	8.747271	0.851570	0.051326	-0.256309	-15.805441	-5.508937	3.878069
08311	1.943489	-2.569545	8.825223	0.802239	0.037846	-0.279536	-15.328275	-5.535380	3.716600
08312	2.008621	-2.369914	8.922164	0.766934	0.029644	-0.310834	-14.880964	-5.566133	3.539336
08313	1.923240	-2.112957	8.895928	0.714987	0.021583	-0.338920	-14.450584	-5.607679	3.346754
08314	1.714309	-1.965309	8.891846	0.654384	0.001234	-0.363641	-14.064279	-5.661091	3.143453
08315	1.557303	-1.974572	8.691660	0.605083	-0.021576	-0.394860	-13.693936	-5.731701	2.924976
08316	1.525557	-2.074834	8.605443	0.583968	-0.054134	-0.419077	-13.344205	-5.822155	2.697278
08317	1.534140	-2.116543	8.540947	0.587008	-0.082117	-0.456406	-12.980720	-5.931851	2.451286
08318	1.497529	-2.096246	8.614387	0.604469	-0.113417	-0.484962	-12.614878	-6.062062	2.192892
08319	1.555834	-1.929474	8.711735	0.615398	-0.145590	-0.507321	-12.231639	-6.210389	1.924599
08320	1.686326	-1.785927	8.786503	0.587280	-0.170544	-0.527861	-11.871958	-6.375383	1.647067
08321	1.727867	-1.788778	8.836725	0.544531	-0.181946	-0.549237	-11.525404	-6.545598	1.357326
08322	1.583566	-1.838778	8.813267	0.530094	-0.205708	-0.572500	-11.193625	-6.733171	1.056363
08323	1.565763	-1.989703	8.834199	0.558691	-0.247684	-0.588483	-10.835018	-6.941209	0.749392
08324	1.715404	-1.987639	8.929265	0.616055	-0.270846	-0.600685	-10.450305	-7.165468	0.436825
08325	1.770879	-1.819942	8.917538	0.661914	-0.291750	-0.615742	-10.028414	-7.396992	0.115783
08326	1.760679	-1.560913	8.810578	0.671957	-0.306977	-0.635732	-9.606586	-7.641462	-0.216661
08327	1.775847	-1.360387	8.826082	0.638399	-0.328391	-0.653711	-9.192506	-7.892564	-0.559654
08328	1.742242	-1.327496	8.844013	0.572868	-0.353431	-0.666021	-8.821745	-8.162140	-0.909005
08329	1.802283	-1.384904	8.945758	0.520582	-0.380660	-0.691570	-8.468987	-8.441622	-1.272882
08330	2.142942	-1.537594	8.943045	0.503365	-0.403047	-0.707696	-8.130732	-8.739101	-1.645755
08331	2.317708	-1.729783	8.975667	0.542264	-0.403609	-0.731795	-7.757994	-9.030371	-2.034890
08332	2.348390	-1.632127	9.057762	0.629624	-0.400813	-0.744548	-7.339674	-9.325608	-2.433556
08333	2.273352	-1.239096	9.046408	0.666003	-0.406379	-0.752999	-6.889336	-9.614365	-2.839592
08334	2.284568	-0.953636	8.985198	0.621748	-0.423433	-0.746750	-6.470697	-9.917641	-3.243067
08335	2.337702	-0.676133	8.959441	0.523851	-0.429924	-0.748704	-6.097484	-10.213711	-3.650056
08336	2.373160	-0.629040	8.931712	0.367661	-0.453655	-0.743713	-5.819362	-10.529847	-4.054516
08337	2.509460	-0.811302	8.972393	0.255112	-0.473852	-0.742278	-5.596235	-10.846556	-4.459051
08338	2.792863	-1.017450	9.137368	0.225134	-0.476150	-0.745125	-5.394126	-11.173215	-4.866520
08339	2.923629	-1.154943	9.098662	0.263857	-0.463990	-0.743948	-5.160621	-11.481398	-5.275853
08340	2.858062	-1.092332	9.133189	0.335743	-0.449122	-0.730011	-4.891522	-11.789773	-5.679465
08341	2.774885	-0.928049	9.152093	0.379458	-0.444777	-0.717111	-4.589781	-12.081948	-6.077897
08342	2.731751	-0.878909	9.127425	0.402412	-0.435064	-0.694375	-4.281777	-12.377554	-6.465351
08343	2.779389	-0.929316	8.997813	0.428971	-0.420826	-0.675180	-3.951953	-12.650063	-6.844356
08344	2.812741	-0.928500	9.119921	0.454404	-0.414926	-0.650565	-3.615020	-12.928864	-7.211064
08345	2.966994	-0.902185	9.265521	0.489893	-0.407309	-0.623882	-3.252547	-13.187460	-7.564557
08346	3.117518	-0.761620	9.530685	0.519683	-0.384875	-0.601159	-2.880557	-13.443737	-7.907353
08347	3.246683	-0.572991	9.715978	0.545790	-0.342978	-0.571124	-2.488984	-13.659583	-8.235734
08348	3.193960	-0.358991	9.782410	0.515597	-0.307115	-0.534389	-2.124623	-13.866127	-8.545017
08349	3.146264	-0.216862	9.698960	0.457383	-0.274806	-0.493261	-1.791416	-14.037355	-8.832193
08350	3.156640	-0.240260	9.594577	0.407005	-0.248824	-0.455565	-1.497400	-14.206299	-9.098788
08351	3.159597	-0.313659	9.522817	0.381287	-0.235388	-0.409080	-1.217789	-14.350885	-9.339013
08352	3.136327	-0.361963	9.413404	0.369581	-0.216773	-0.362398	-0.956752	-14.498434	-9.552854
08353	3.044517	-0.397322	9.390264	0.386397	-0.200593	-0.320361	-0.685778	-14.620181	-9.742557
08354	3.104690	-0.296865	9.520445	0.416039	-0.184784	-0.286277	-0.408217	-14.747408	-9.913071
08355	3.324629	-0.119172	9.553153	0.434164	-0.164933	-0.250478	-0.119306	-14.846757	-10.062887
08356	3.397101	0.092213	9.535487	0.426513	-0.143113	-0.231798	0.156957	-14.948891	-10.202463
08357	3.394857	0.387411	9.458383	0.388463	-0.128336	-0.206916	0.413739	-15.026014	-10.327450
08358	3.403759	0.540349	9.276154	0.299119	-0.116375	-0.197970	0.612896	-15.112383	-10.447854
08359	3.404304	0.557333	9.252394	0.211072	-0.111910	-0.187176	0.765448	-15.179388	-10.561667
08360	3.464762	0.458138	9.310584	0.146139	-0.107444	-0.175528	0.874657	-15.260748	-10.669365
08361	3.434811	0.565580	9.454761	0.106531	-0.102187	-0.167124	0.964517	-15.321936	-10.771541
08362	3.452650	0.659158	9.485054	0.050132	-0.092251	-0.157453	1.016799	-15.394970	-10.868810
08363	3.441917	0.724576	9.610231	-0.022504	-0.086540	-0.149058	1.030097	-15.447210	-10.960270
08364	3.571427	0.764287	9.583585	-0.094190	-0.075827	-0.140662	0.998010	-15.511352	-11.047687
08365	3.573618	0.746448	9.623244	-0.177440	-0.059364	-0.129336	0.919486	-15.548323	-11.127146
08366	3.562329	0.630273	9.670527	-0.247601	-0.050280	-0.109348	0.795408	-15.598784	-11.195860
08367	3.634185	0.518297	9.669209	-0.304904	-0.037500	-0.082142	0.636325	-15.623901	-11.246960
08368	3.707745	0.342937	9.610759	-0.355155	-0.017066	-0.042429	0.440489	-15.656488	-11.275706
08369	3.793162	0.013490	9.588688	-0.343100	0.016801	-0.008956	0.247711	-15.651074	-11.282914
08370	3.864907	-0.543218	9.638332	-0.241457	0.058582	0.019652	0.107146	-15.641208	-11.274622
08371	3.963097	-0.768303	9.770664	-0.019010	0.096594	0.050399	0.090531	-15.590176	-11.246470
08372	4.172463	-0.692776	9.781806	0.209170	0.130917	0.089030	0.196231	-15.539748	-11.196799
08373	4.297739	-0.400938	9.853820	0.372319	0.180310	0.144627	0.388815	-15.441130	-11.112219
08374	4.372149	0.125465	9.948994	0.435382	0.232557	0.207839	0.604551	-15.334445	-10.991040
08375	4.422177	0.645982	10.054776	0.361522	0.283639	0.280654	0.769670	-15.178139	-10.824349
08376	4.407292	0.917355	10.100162	0.185426	0.349583	0.366234	0.818187	-15.007410	-10.607912
08377	4.362735	0.826119	10.081899	-0.042240	0.414898	0.454545	0.726236	-14.777501	-10.337142
08378	4.294850	0.452018	10.034360	-0.234621	0.479040	0.550490	0.508812	-14.534167	-10.012087
08379	4.390548	0.014860	9.938184	-0.340310	0.548940	0.639679	0.221673	-14.226296	-9.633645
08380	4.485480	-0.516641	9.897411	-0.337589	0.614780	0.726534	-0.076072	-13.903467	-9.208134
08381	4.621948	-0.703137	9.818151	-0.252173	0.686751	0.826273	-0.333402	-13.512637	-8.724232
08382	4.632197	-0.497192	9.692644	-0.183001	0.749695	0.920957	-0.563377	-13.109387	-8.189553
08383	4.335325	-0.225314	9.573351	-0.189284	0.809307	1.024282	-0.802464	-12.643096	-7.595174
08384	4.031839	-0.187037	9.672760	-0.209571	0.846102	1.104248	-1.061980	-12.180043	-6.959665
08385	4.030378	-0.312687	9.706490	-0.232544	0.888557	1.158807	-1.330909	-11.661588	-6.293980
08386	4.167345	-0.417625	9.538620	-0.225828	0.933471	1.207653	-1.599714	-11.142340	-5.606525
08387	4.232974	-0.386618	9.471651	-0.235125	0.977997	1.255272	-1.866862	-10.564930	-4.893651
08388	4.390474	-0.239517	9.385046	-0.285170	1.024912	1.299712	-2.164969	-9.986459	-4.162639
08389	4.321424	-0.037866	9.212728	-0.379296	1.077279	1.332597	-2.505828	-9.343101	-3.416093
08390	3.853406	-0.044072	9.210698	-0.508952	1.106272	1.362397	-2.920612	-8.709387	-2.661512
08391	3.350375	-0.312885	9.184119	-0.612177	1.108929	1.394576	-3.381605	-8.035581	-1.892153
08392	2.890616	-0.907216	8.950506	-0.665224	1.084826	1.430970	-3.872896	-7.400957	-1.110785
08393	2.711361	-1.427704	8.963870	-0.574999	1.045524	1.455808	-4.298321	-6.748586	-0.317106
08394	2.823833	-1.488979	9.027195	-0.432446	1.013543	1.467714	-4.641706	-6.142269	0.476287
08395	3.217735	-1.277810	9.255266	-0.326385	1.024079	1.470784	-4.907349	-5.492031	1.269666
08396	3.421156	-1.015291	9.310653	-0.289207	1.050300	1.472246	-5.151885	-4.857728	2.055428
08397	3.141241	-0.740132	9.380052	-0.334940	1.083720	1.479274	-5.403989	-4.166133	2.843103
08398	2.552597	-0.730426	9.432967	-0.456883	1.099671	1.474946	-5.726361	-3.497470	3.619564
08399	2.157046	-0.843358	9.233467	-0.580879	1.086879	1.450010	-6.099249	-2.797173	4.381354
08400	1.781248	-0.890696	9.047364	-0.685907	1.054711	1.427255	-6.533436	-2.147505	5.122845
08401	1.504944	-1.149248	8.911100	-0.775454	1.007672	1.406267	-6.999152	-1.484006	5.853779
08402	1.619059	-1.448930	9.062807	-0.816047	0.952690	1.389755	-7.491284	-0.883115	6.569292
08403	1.908350	-1.572260	9.297491	-0.825965	0.932598	1.370829	-7.969776	-0.252803	7.274274
08404	1.845610	-1.757827	9.427190	-0.808289	0.934823	1.351334	-8.442983	0.346435	7.958163
08405	1.540711	-1.826847	9.265327	-0.774175	0.932471	1.328853	-8.877028	0.984374	8.629058
08406	1.195992	-1.963264	9.086697	-0.757249	0.909722	1.317414	-9.307770	1.576448	9.285867
08407	0.619787	-2.162554	8.840915	-0.728809	0.863612	1.302137	-9.702198	2.182738	9.938989
08408	0.099560	-2.229781	8.693283	-0.681164	0.800900	1.280622	-10.077772	2.719015	10.576923
08409	-0.201939	-2.228189	8.617802	-0.636649	0.721305	1.240213	-10.408282	3.247083	11.202248
08410	-0.059977	-2.155883	8.681577	-0.611600	0.633363	1.194073	-10.736033	3.688324	11.802325
08411	0.156635	-1.642291	8.786212	-0.600407	0.588458	1.122381	-11.039582	4.135851	12.370210
08412	0.170984	-1.594975	8.906220	-0.718292	0.547673	1.079183	-11.424520	4.523620	12.909915
08413	0.092840	-1.787800	8.747340	-0.818217	0.512162	1.026358	-11.849013	4.924565	13.427253
08414	-0.314829	-1.864135	8.336100	-0.892118	0.458890	0.974056	-12.331323	5.258435	13.912500
08415	-0.928518	-1.735053	7.986717	-0.947643	0.388712	0.912038	-12.828894	5.584477	14.374943
08416	-1.627924	-1.693965	8.024079	-1.036330	0.304646	0.850893	-13.394290	5.825853	14.804947
08417	-1.852617	-2.178993	8.040160	-1.112973	0.185131	0.787514	-13.987482	6.030508	15.219407
08418	-1.508567	-2.420753	7.915480	-1.092737	0.077764	0.703644	-14.588352	6.135704	15.593982
08419	-1.295368	-2.505995	7.772368	-1.086596	-0.010458	0.615545	-15.172299	6.215228	15.937423
08420	-1.193580	-2.520134	7.804812	-1.123564	-0.100574	0.537252	-15.797752	6.205710	16.244122
08421	-1.001426	-2.475661	7.983702	-1.171650	-0.185935	0.454795	-16.437128	6.170394	16.524828
08422	-0.942479	-2.361982	8.012842	-1.239658	-0.248834	0.377149	-17.136627	6.061106	16.767326
08423	-1.269947	-2.173828	7.943828	-1.300552	-0.297297	0.292475	-17.858012	5.943672	16.978803
08424	-1.762453	-2.084685	7.944856	-1.356939	-0.358244	0.209727	-18.632652	5.752093	17.151522
08425	-1.937797	-2.101811	7.845369	-1.431840	-0.433036	0.110193	-19.437550	5.532728	17.292228
08426	-1.828040	-2.357557	7.863640	-1.546031	-0.516175	0.007357	-20.328187	5.223336	17.391217
08427	-1.687702	-2.733524	7.696002	-1.632796	-0.599853	-0.097771	-21.255952	4.876685	17.460700
08428	-1.681207	-2.940246	7.576750	-1.710225	-0.687460	-0.229050	-22.247933	4.430943	17.479457
08429	-1.583284	-3.045846	7.446823	-1.781077	-0.768844	-0.350796	-23.267896	3.941473	17.464249
08430	-1.260842	-3.132230	7.549678	-1.862211	-0.842714	-0.482162	-24.352168	3.358276	17.401567
08431	-0.951699	-3.660692	7.527797	-1.927673	-0.886612	-0.595093	-25.460114	2.748405	17.306085
08432	-0.937659	-4.112456	7.541056	-1.879820	-0.905078	-0.707404	-26.556119	2.075646	17.165035
08433	-1.137032	-4.334376	7.579417	-1.785052	-0.924654	-0.805117	-27.582400	1.388410	16.995467
08434	-1.251975	-4.342539	7.758278	-1.693410	-0.947309	-0.906294	-28.569349	0.637102	16.789322
08435	-1.214168	-4.339094	7.890560	-1.686780	-0.977041	-1.012795	-29.535233	-0.139640	16.554272
08436	-1.043169	-4.343823	8.001736	-1.738028	-1.007069	-1.108483	-30.541216	-0.983848	16.290635
08437	-0.870844	-4.456044	7.945571	-1.859476	-1.035912	-1.193273	-31.598147	-1.850665	16.011834
08438	-0.754246	-4.610152	7.690606	-1.987540	-1.065466	-1.276177	-32.737078	-2.782271	15.715815
08439	-0.637650	-4.788637	7.425247	-2.106731	-1.103280	-1.362260	-33.925257	-3.744886	15.411349
08440	-0.428784	-4.956735	7.219089	-2.198437	-1.141247	-1.447761	-35.173119	-4.778248	15.097092
08441	-0.272070	-5.126082	7.165189	-2.260737	-1.166319	-1.534518	-36.437055	-5.840141	14.774666
08442	-0.039638	-5.286597	7.182011	-2.269277	-1.177164	-1.625265	-37.710682	-6.962890	14.436029
08443	0.113353	-5.682455	7.196872	-2.199862	-1.159477	-1.712840	-38.922423	-8.098127	14.076140
08444	0.176741	-6.428563	7.162861	-2.060737	-1.125597	-1.790517	-40.055659	-9.270410	13.690798
08445	0.413022	-7.328517	7.171509	-1.779670	-1.107843	-1.840536	-41.006490	-10.443678	13.297515
08446	0.742293	-7.710365	7.325660	-1.393316	-1.083195	-1.870528	-41.739041	-11.638783	12.897567
08447	1.048608	-7.345289	7.378169	-1.096202	-1.045623	-1.868651	-42.280488	-12.805983	12.495562
08448	1.107055	-6.800694	7.424647	-0.946135	-1.017803	-1.866035	-42.740312	-13.978262	12.092805
08449	1.163696	-6.220702	7.338204	-0.906747	-1.013467	-1.862985	-43.158641	-15.136073	11.696209
08450	1.161349	-5.843932	7.155610	-0.957088	-1.008239	-1.866524	-43.611063	-16.309311	11.304003
08451	1.147072	-5.570596	6.866234	-1.010324	-1.022952	-1.887387	-44.075406	-17.486591	10.915149
08452	0.992147	-5.333869	6.692675	-1.077046	-1.056529	-1.928907	-44.582731	-18.709435	10.531991
08453	1.225581	-5.609012	6.807334	-1.182034	-1.095956	-1.969268	-45.133993	-19.955877	10.155894
08454	1.808379	-6.098677	6.866978	-1.192292	-1.124112	-2.017167	-45.694078	-21.247148	9.783258
08455	2.248747	-6.046278	6.891902	-1.149918	-1.136900	-2.077544	-46.207787	-22.561046	9.398138
08456	2.810178	-6.350896	7.338414	-1.193382	-1.137237	-2.112409	-46.745432	-23.902132	9.009803
08457	3.433750	-6.602816	7.238157	-1.141014	-1.115927	-2.134663	-47.231033	-25.238029	8.608931
08458	3.643033	-6.287661	6.941134	-1.091757	-1.086495	-2.166991	-47.679583	-26.587488	8.190348
08459	3.584734	-6.100767	6.544309	-1.126696	-1.075471	-2.182861	-48.128448	-27.934006	7.764129
08460	3.494268	-5.923560	6.167554	-1.154336	-1.082770	-2.207562	-48.591606	-29.304476	7.340024
08461	3.605703	-5.840326	6.083072	-1.264611	-1.116397	-2.232867	-49.108164	-30.694077	6.926889
08462	4.252168	-6.323071	6.167328	-1.384507	-1.139022	-2.236719	-49.701723	-32.103906	6.535866
08463	4.957355	-6.665094	6.142071	-1.397362	-1.145702	-2.235719	-50.295894	-33.512452	6.157474
08464	5.450283	-6.804873	6.176642	-1.360030	-1.119683	-2.239636	-50.864578	-34.922403	5.777131
08465	5.851005	-7.004656	6.361705	-1.329445	-1.089439	-2.232219	-51.399944	-36.315183	5.390933
08466	6.112342	-6.987300	6.304182	-1.234344	-1.058976	-2.200083	-51.882451	-37.690794	5.013129
08467	6.201020	-6.728620	6.067482	-1.235885	-1.055701	-2.170439	-52.364816	-39.048996	4.651761
08468	6.255482	-6.413941	5.827283	-1.270021	-1.046873	-2.133068	-52.877933	-40.394220	4.312961
08469	6.117311	-5.845800	5.744971	-1.431536	-1.031833	-2.100544	-53.483188	-41.717165	3.987844
08470	6.105720	-5.288504	5.497245	-1.709839	-1.041447	-2.071985	-54.269278	-43.037055	3.698957
08471	6.333432	-5.390229	5.093957	-2.006605	-1.031117	-2.053043	-55.232789	-44.343752	3.431444
08472	6.534548	-6.265582	4.653593	-2.112149	-1.020092	-2.050263	-56.269274	-45.652254	3.185489
08473	6.649536	-7.384909	4.288592	-2.014323	-1.005563	-2.038879	-57.259581	-46.950131	2.960840
08474	7.163319	-7.923104	4.049942	-1.657422	-0.976989	-2.031629	-58.051999	-48.239773	2.806590
08475	7.511223	-7.033436	4.143599	-1.313848	-0.918470	-2.032670	-58.619939	-49.512208	2.563092
08476	7.799375	-6.109845	4.190634	-1.186882	-0.897354	-2.017915	-59.119196	-50.773331	2.384498
08477	8.157924	-5.506107	4.053197	-1.265229	-0.862138	-1.991298	-59.651709	-52.011649	2.140084
08478	8.529608	-5.478412	3.795339	-1.445556	-0.821147	-1.979299	-60.277969	-53.234150	1.938876
08479	8.945170	-5.979504	3.310865	-1.577642	-0.748467	-1.969412	-60.938856	-54.432545	1.639577
08480	9.172746	-6.639772	3.094631	-1.486490	-0.658202	-1.986625	-61.487740	-55.616784	1.321620
08481	9.196070	-6.557296	2.957101	-1.297126	-0.570311	-2.003659	-61.850721	-56.787081	0.865791
08482	9.264881	-6.023102	2.940103	-1.152439	-0.507465	-2.028168	-62.065959	-57.954563	0.337768
08483	9.532830	-5.396576	2.792092	-1.122294	-0.457361	-2.012370	-62.211738	-59.101076	-0.243569
08484	9.862083	-5.251752	2.593282	-1.203770	-0.413005	-2.006088	-62.354122	-60.233523	-0.877228
08485	10.130877	-5.668659	2.291405	-1.215645	-0.362326	-1.975363	-62.447119	-61.337398	-1.567064
08486	10.310823	-5.996858	1.957309	-1.092534	-0.329610	-1.936147	-62.435836	-62.413016	-2.289261
08487	10.327572	-5.824314	1.799670	-0.890082	-0.294301	-1.883197	-62.263987	-63.451734	-3.053345
08488	10.285359	-5.265068	1.824609	-0.726982	-0.274693	-1.827080	-61.975987	-64.455170	-3.837498
08489	10.206929	-4.491911	1.902921	-0.677967	-0.273320	-1.772875	-61.639560	-65.429163	-4.636102
08490	10.278734	-3.839039	1.915050	-0.798207	-0.275450	-1.709427	-61.377140	-66.369758	-5.424723
08491	10.374655	-3.573161	1.972271	-1.005171	-0.259444	-1.653976	-61.201187	-67.277078	-6.241055
08492	10.462234	-3.705625	1.966288	-1.190445	-0.242982	-1.582359	-61.130060	-68.143278	-7.055150
08493	10.751357	-3.931409	1.842681	-1.318644	-0.234870	-1.526169	-61.118011	-68.978741	-7.878266
08494	11.100944	-4.013807	1.502751	-1.364956	-0.202665	-1.454679	-61.118239	-69.769564	-8.713667
08495	11.173375	-3.866480	1.268230	-1.395396	-0.171707	-1.392308	-61.097413	-70.520305	-9.584346
08496	11.126869	-3.758148	1.040085	-1.422522	-0.156189	-1.327432	-61.098772	-71.234479	-10.445698
08497	11.072241	-3.820293	0.859738	-1.410111	-0.142093	-1.262270	-61.080555	-71.911700	-11.315020
08498	10.911997	-3.844076	0.968334	-1.329859	-0.127971	-1.199732	-61.028992	-72.554005	-12.169624
08499	10.729178	-3.740595	1.034725	-1.214478	-0.118356	-1.129450	-60.909237	-73.157506	-13.021691
08500	10.452021	-3.719871	1.039641	-1.082958	-0.114389	-1.070672	-60.744826	-73.730329	-13.841013
08501	10.234408	-3.700323	1.089904	-0.928183	-0.108913	-1.021146	-60.475771	-74.275519	-14.672698
08502	10.088352	-3.505734	0.941179	-0.771660	-0.105033	-0.962310	-60.152442	-74.789297	-15.467457
08503	10.010735	-3.335857	0.827622	-0.670806	-0.113562	-0.914360	-59.778238	-75.280234	-16.251209
08504	9.901131	-3.230325	0.687997	-0.582032	-0.116229	-0.876070	-59.386917	-75.751590	-17.000405
08505	9.835602	-3.184410	0.540431	-0.515895	-0.135223	-0.835362	-58.979432	-76.207199	-17.723655
08506	9.833759	-3.163926	0.571477	-0.447322	-0.148751	-0.802647	-58.592236	-76.649349	-18.386336
08507	9.993247	-3.188404	0.639305	-0.363082	-0.158175	-0.754857	-58.172705	-77.070073	-19.029378
08508	10.134844	-2.946222	0.924044	-0.291645	-0.149961	-0.708157	-57.757102	-77.464099	-19.627560
08509	10.239023	-2.595084	1.000321	-0.294566	-0.135674	-0.637088	-57.345153	-77.818792	-20.220683
08510	10.251785	-2.301955	0.909649	-0.372361	-0.114388	-0.580121	-57.022792	-78.137972	-20.769174
08511	10.115058	-1.903041	0.779475	-0.490062	-0.090097	-0.526612	-56.731541	-78.423860	-21.352026
08512	9.922778	-1.875837	0.712961	-0.656136	-0.087394	-0.475815	-56.629414	-78.683641	-21.840553
08513	9.916516	-2.155240	0.546792	-0.787588	-0.095782	-0.428557	-56.645075	-78.923892	-22.283250
08514	9.900025	-2.504116	0.503121	-0.848686	-0.101898	-0.383916	-56.819367	-79.144423	-22.601811
08515	9.801851	-2.803465	0.380686	-0.839823	-0.114019	-0.336922	-57.050197	-79.346811	-22.855308
08516	9.772989	-2.983559	0.425984	-0.768375	-0.128004	-0.301724	-57.383615	-79.536154	-22.964846
08517	9.795809	-2.968296	0.554909	-0.650264	-0.135751	-0.274041	-57.671027	-79.715304	-23.050104
08518	9.772331	-2.723706	0.727549	-0.541659	-0.152366	-0.237959	-58.059791	-79.880862	-22.971360
08519	9.827784	-2.589859	0.860314	-0.473024	-0.155265	-0.215504	-58.408751	-80.037551	-22.890908
08520	9.950468	-2.585083	0.976334	-0.421565	-0.151808	-0.188692	-58.828076	-80.178132	-22.711353
08521	10.124937	-2.428207	1.102263	-0.386292	-0.125411	-0.161232	-59.149591	-80.299151	-22.608406
08522	10.231480	-2.186316	1.081233	-0.411643	-0.080409	-0.137622	-59.458936	-80.392758	-22.534706
08523	10.046985	-2.221645	0.914101	-0.475124	-0.035352	-0.120792	-59.646307	-80.467467	-22.619482
08524	9.747929	-2.696720	1.192919	-0.509830	0.001053	-0.116393	-59.812963	-80.526591	-22.747475
08525	10.104526	-2.996700	1.773664	-0.295482	0.013264	-0.111867	-59.768956	-80.582914	-22.962449
08526	10.227621	-2.098013	1.950140	-0.208521	0.053582	-0.095823	-59.639384	-80.615690	-23.215536
08527	10.052069	-2.309415	1.924562	-0.186961	0.069682	-0.079128	-59.418829	-80.639281	-23.546395
08528	10.026125	-2.213149	1.895757	-0.078069	0.059364	-0.063507	-59.248164	-80.653366	-23.765123
08529	10.125601	-1.959464	1.990053	0.016132	0.038716	-0.045026	-59.062682	-80.668915	-23.942489
08530	10.075947	-1.922446	1.924578	0.059831	0.020819	-0.022254	-58.997251	-80.673138	-23.974266
08531	9.933090	-1.916318	1.739302	0.138030	0.010015	-0.006484	-58.896496	-80.678135	-23.994995
08532	9.825342	-1.721616	1.488762	0.202467	-0.009314	-0.002435	-58.871166	-80.680897	-23.903114
08533	9.792359	-1.627192	1.333997	0.228185	-0.020586	-0.009144	-58.805369	-80.696252	-23.836081
08534	9.800772	-1.439572	1.132133	0.213254	-0.020046	-0.016499	-58.777956	-80.708757	-23.739927
08535	9.712739	-1.441023	0.774123	0.175443	-0.006922	-0.025768	-58.671206	-80.728197	-23.745021
08536	9.631665	-1.441403	0.540872	0.134794	0.000771	-0.040133	-58.581921	-80.746061	-23.757075
08537	9.580331	-1.271513	0.390373	0.094704	0.012376	-0.062840	-58.394699	-80.777815	-23.890573
08538	9.472672	-1.269067	0.288347	0.017723	0.018576	-0.076087	-58.252055	-80.808044	-24.024688
08539	9.421073	-1.387075	0.184699	-0.030577	0.024882	-0.093207	-58.039879	-80.850655	-24.256155
08540	9.412294	-1.525125	0.202962	-0.039259	0.012878	-0.102136	-57.896927	-80.895433	-24.423717
08541	9.418985	-1.489997	0.322425	-0.047995	0.005369	-0.104423	-57.728606	-80.949211	-24.620826
08542	9.492185	-1.629079	0.305088	-0.058500	-0.008165	-0.095940	-57.671266	-80.997481	-24.712906
08543	9.563770	-1.647767	0.385864	-0.037940	-0.018175	-0.093905	-57.586400	-81.053280	-24.819645
08544	9.605320	-1.534012	0.513716	-0.043392	-0.029332	-0.085277	-57.606452	-81.102932	-24.824665
08545	9.635486	-1.544842	0.651921	-0.042266	-0.046067	-0.071032	-57.654270	-81.156206	-24.799601
08546	9.791851	-1.517921	0.810048	-0.043789	-0.056020	-0.062016	-57.804906	-81.202772	-24.672723
08547	9.891580	-1.552664	0.937805	-0.051751	-0.055289	-0.046970	-57.936379	-81.247153	-24.568526
08548	9.957115	-1.493668	1.177372	-0.060867	-0.039543	-0.029952	-58.110047	-81.272948	-24.428237
08549	9.981472	-1.438941	1.300412	-0.086952	-0.030439	-0.019189	-58.239792	-81.296199	-24.346219
08550	9.981879	-1.439508	1.296657	-0.146397	-0.011170	0.000197	-58.430605	-81.298459	-24.238073
08551	9.983764	-1.562614	1.194191	-0.176178	0.008545	0.017542	-58.559878	-81.292012	-24.208260
08552	9.894660	-1.567242	1.101873	-0.197301	0.019903	0.028298	-58.733095	-81.270982	-24.147324
08553	9.853802	-1.677249	0.969168	-0.211177	0.024280	0.043621	-58.882244	-81.247047	-24.117695
08554	9.824649	-1.766798	0.811533	-0.187308	0.022293	0.051530	-59.084357	-81.213678	-24.021666
08555	9.742336	-1.687140	0.772311	-0.157310	0.024331	0.052391	-59.218001	-81.185376	-23.976498
08556	9.797970	-1.633443	0.802693	-0.143228	0.025406	0.053401	-59.386624	-81.149954	-23.888780
08557	9.777895	-1.660302	0.703316	-0.131811	0.027445	0.051692	-59.493259	-81.121042	-23.856160
08558	9.697139	-1.784773	0.636190	-0.119501	0.034571	0.051534	-59.614234	-81.083746	-23.802895
08559	9.626563	-1.674490	0.484093	-0.080764	0.034751	0.036595	-59.639958	-81.060153	-23.822573
08560	9.671151	-1.553196	0.469849	-0.094306	0.032639	0.027326	-59.708059	-81.035313	-23.808250
08561	9.668978	-1.626623	0.360603	-0.109532	0.031676	0.017159	-59.724196	-81.022216	-23.854330
08562	9.669761	-1.738545	0.437324	-0.101396	0.025765	0.009500	-59.786167	-81.008258	-23.850391
08563	9.695306	-1.815266	0.555390	-0.083908	0.014749	0.001091	-59.811317	-81.007994	-23.872491
08564	9.720380	-1.883894	0.582281	-0.043138	0.013538	0.006255	-59.873155	-80.999110	-23.834937
08565	9.659413	-1.698929	0.665002	-0.003211	0.009165	-0.006285	-59.856164	-81.004098	-23.852900
08566	9.692680	-1.595191	0.674435	0.003117	0.001576	0.003525	-59.924424	-80.999884	-23.782029
08567	9.671349	-1.583364	0.747410	0.000666	-0.007213	0.001436	-59.970548	-81.005733	-23.733848
08568	9.768312	-1.516041	0.804517	-0.008437	-0.005976	0.000439	-60.063319	-81.005147	-23.644862
08569	9.752875	-1.489378	0.819209	-0.031571	-0.004921	-0.003872	-60.111263	-81.012945	-23.613548
08570	9.774793	-1.509064	0.836091	-0.043223	-0.001737	-0.009725	-60.191733	-81.016150	-23.557174
08571	9.790491	-1.534733	0.820127	-0.047436	0.007228	-0.017891	-60.185400	-81.027435	-23.590022
08572	9.792538	-1.556571	0.824651	-0.041801	0.009193	-0.032769	-60.188472	-81.038945	-23.611158
08573	9.782181	-1.590570	0.762930	-0.051895	0.016087	-0.038087	-60.120050	-81.057725	-23.709451
08574	9.732223	-1.640245	0.765799	-0.046159	0.017147	-0.038869	-60.088777	-81.069941	-23.767862
08575	9.751818	-1.711103	0.759956	-0.039607	0.017863	-0.042731	-59.998652	-81.090475	-23.880996
08576	9.722012	-1.756764	0.776311	-0.026958	0.014876	-0.035002	-59.970082	-81.101305	-23.925518
08577	9.714409	-1.736670	0.739633	-0.015806	0.013586	-0.023185	-59.915153	-81.113329	-23.989225
08578	9.708378	-1.741648	0.707284	-0.010397	0.011221	-0.010605	-59.933248	-81.112964	-23.976896
08579	9.740158	-1.707147	0.606403	-0.003656	0.012495	-0.009484	-59.899898	-81.118491	-24.011721
08580	9.753961	-1.709488	0.587500	-0.002867	0.010242	0.003639	-59.943215	-81.111250	-23.969507
08581	9.737337	-1.761764	0.583526	0.008046	0.003006	0.005870	-59.961460	-81.111873	-23.945330
08582	9.738527	-1.692068	0.695371	0.010426	0.006383	0.003342	-60.009309	-81.105805	-23.890843
08583	9.762002	-1.736408	0.718117	0.012666	0.002895	0.005331	-60.024267	-81.106710	-23.867321
08584	9.749012	-1.655554	0.758997	0.024971	0.004706	0.000733	-60.064290	-81.102303	-23.812318
08585	9.748175	-1.552646	0.775806	0.012445	0.008672	-0.009116	-60.034650	-81.108711	-23.834073
08586	9.770078	-1.571622	0.794524	-0.011391	0.011022	-0.012490	-60.050952	-81.108995	-23.824153
08587	9.775473	-1.642260	0.809094	-0.021301	0.024316	-0.015275	-59.979692	-81.113964	-23.907610
08588	9.726669	-1.709505	0.726280	-0.025415	0.022537	-0.020699	-59.952003	-81.114948	-23.950330
08589	9.705894	-1.790357	0.694638	-0.013571	0.025779	-0.012283	-59.877075	-81.117976	-24.033024
08590	9.717963	-1.768074	0.672725	0.004957	0.024888	-0.007369	-59.849153	-81.111547	-24.058367
08591	9.704052	-1.764914	0.694961	0.013372	0.019151	-0.002930	-59.797020	-81.111817	-24.102372
08592	9.728377	-1.730161	0.739317	0.026536	0.014301	-0.001121	-59.802032	-81.105219	-24.081871
08593	9.746466	-1.702386	0.750100	0.029946	0.011553	0.007712	-59.784083	-81.102391	-24.081672
08594	9.743656	-1.757343	0.727045	0.044919	0.006545	0.008310	-59.820313	-81.093243	-24.018903
08595	9.743410	-1.758068	0.728589	0.055323	0.007055	0.014066	-59.813707	-81.088549	-23.992512
08596	9.732519	-1.796531	0.667757	0.070889	-0.000752	0.022813	-59.884528	-81.074178	-23.879658
08597	9.703480	-1.871641	0.688702	0.088826	-0.005200	0.029009	-59.924604	-81.065576	-23.786586
08598	9.694966	-1.857036	0.652003	0.112099	-0.011570	0.040704	-60.038200	-81.045234	-23.606524
08599	9.725654	-1.921788	0.712960	0.131555	-0.018203	0.049818	-60.131936	-81.029953	-23.434343
08600	9.739551	-1.850350	0.713910	0.158041	-0.016204	0.060407	-60.268200	-81.000839	-23.204661
08601	9.762354	-1.718039	0.772470	0.168067	-0.017344	0.063127	-60.360837	-80.978567	-23.012396
08602	9.798967	-1.580644	0.719659	0.160679	-0.015930	0.053724	-60.480683	-80.952421	-22.797766
08603	9.841201	-1.521480	0.771725	0.148159	-0.006177	0.041344	-60.509824	-80.937749	-22.681332
08604	9.832819	-1.506643	0.735767	0.128074	0.003139	0.023954	-60.534574	-80.921001	-22.581891
08605	9.798698	-1.508183	0.744633	0.119826	0.005799	0.003629	-60.475675	-80.921741	-22.571053
08606	9.742516	-1.385830	0.750202	0.089057	0.017150	-0.008504	-60.421254	-80.917250	-22.574421
08607	9.696526	-1.406136	0.783922	0.046938	0.015730	-0.016168	-60.338072	-80.925026	-22.630471
08608	9.663342	-1.507845	0.778036	0.013092	0.013427	-0.019762	-60.318218	-80.927259	-22.642903
08609	9.684147	-1.604516	0.778384	0.003308	0.010199	-0.017275	-60.275179	-80.937128	-22.683623
08610	9.704987	-1.701409	0.778256	-0.007465	0.006771	-0.016654	-60.292976	-80.939685	-22.669841
08611	9.717915	-1.781942	0.739808	0.005003	0.002795	-0.006872	-60.290565	-80.946463	-22.668443
08612	9.736339	-1.753307	0.748817	0.016880	0.001557	-0.005259	-60.330930	-80.944724	-22.617672
08613	9.784148	-1.754595	0.722759	0.020229	-0.000748	-0.003493	-60.336918	-80.950809	-22.598942
08614	9.786924	-1.699410	0.747345	0.038460	0.008005	0.000538	-60.355086	-80.944253	-22.558122
08615	9.780126	-1.603170	0.729764	0.035752	0.009352	-0.009272	-60.310341	-80.950335	-22.581766
08616	9.741856	-1.634062	0.709320	0.026673	0.010616	-0.010239	-60.307791	-80.948360	-22.568759
08617	9.720233	-1.612956	0.692754	0.025129	0.012742	-0.013230	-60.251437	-80.955430	-22.610328
08618	9.660494	-1.630437	0.745111	0.020333	0.006462	-0.015137	-60.256743	-80.957049	-22.593049
08619	9.667532	-1.724374	0.765268	0.010572	0.009082	-0.015118	-60.216727	-80.966078	-22.626525
08620	9.649371	-1.751136	0.757634	0.025527	0.003586	-0.007538	-60.241511	-80.964664	-22.586501
08621	9.689557	-1.741778	0.785074	0.036103	0.000583	-0.010650	-60.221434	-80.973873	-22.584981
08622	9.724615	-1.660599	0.798052	0.038897	0.000607	-0.010011	-60.243363	-80.974421	-22.540076
08623	9.756902	-1.634440	0.787653	0.028886	0.007116	-0.008267	-60.211235	-80.980570	-22.554953
08624	9.716937	-1.641720	0.762160	0.025403	0.008440	-0.007935	-60.219785	-80.977795	-22.531408
08625	9.739740	-1.581587	0.800245	0.012544	0.009473	-0.011406	-60.183989	-80.984816	-22.559486
08626	9.777208	-1.626898	0.804422	0.001360	0.009356	-0.013992	-60.192298	-80.984750	-22.550119
08627	9.772900	-1.656755	0.777218	-0.016734	0.017341	-0.011336	-60.148713	-80.989475	-22.603072
08628	9.772030	-1.734548	0.759727	-0.015495	0.013654	-0.011196	-60.157989	-80.986744	-22.602492
08629	9.755561	-1.785580	0.757046	-0.006555	0.011413	-0.008133	-60.132893	-80.991549	-22.630827
08630	9.746004	-1.744397	0.715184	-0.001095	0.010497	-0.004734	-60.155449	-80.986407	-22.608438
08631	9.786030	-1.735598	0.742874	0.008664	0.007877	-0.004755	-60.138798	-80.990526	-22.619401
08632	9.734775	-1.685580	0.760604	0.007291	0.010587	-0.002794	-60.159831	-80.984311	-22.593686
08633	9.733032	-1.661258	0.756865	0.016062	0.007760	-0.004682	-60.139451	-80.988410	-22.604138
08634	9.737434	-1.629549	0.786333	0.009916	0.010028	-0.007103	-60.152863	-80.984435	-22.584609
08635	9.753988	-1.576927	0.791143	0.005313	0.010173	-0.006532	-60.127762	-80.988748	-22.606084
08636	9.715795	-1.608188	0.770348	-0.009087	0.013324	-0.013002	-60.130843	-80.986731	-22.608026
08637	9.697660	-1.634935	0.763012	-0.015233	0.015590	-0.015426	-60.084512	-80.993897	-22.662921
08638	9.711708	-1.643194	0.835407	-0.019283	0.013403	-0.013733	-60.091708	-80.992182	-22.666603
08639	9.677070	-1.715422	0.733090	-0.027926	0.017196	-0.013961	-60.050210	-80.998140	-22.723974
08640	9.672859	-1.745340	0.705747	-0.021094	0.013573	-0.012522	-60.059962	-80.995707	-22.726105
08641	9.686895	-1.747280	0.686797	-0.006861	0.009842	-0.010998	-60.034764	-81.002277	-22.754760
08642	9.721717	-1.666260	0.700171	0.002778	0.012091	-0.011393	-60.037763	-80.999628	-22.749883
08643	9.743604	-1.684803	0.719055	-0.005362	0.002271	-0.012578	-60.032574	-81.009131	-22.757415
08644	9.742032	-1.659774	0.714410	-0.008846	0.003591	-0.012249	-60.067457	-81.009295	-22.727003
08645	9.717922	-1.700296	0.763891	-0.008027	0.003211	-0.015338	-60.055884	-81.019883	-22.742551
08646	9.725954	-1.715751	0.802117	-0.008848	0.003590	-0.012252	-60.090813	-81.019991	-22.712088
08647	9.766086	-1.706260	0.829179	-0.007728	0.004769	-0.012491	-60.079342	-81.028705	-22.727365
08648	9.761968	-1.736178	0.801074	-0.009537	0.004942	-0.011273	-60.111996	-81.027847	-22.699583
08649	9.709998	-1.764469	0.799444	-0.005191	0.008689	-0.010117	-60.091047	-81.034246	-22.722989
08650	9.737964	-1.769400	0.760583	0.008490	0.007297	-0.009709	-60.108685	-81.031833	-22.699936
08651	9.718795	-1.694038	0.766691	0.013388	0.002883	-0.004934	-60.104756	-81.037298	-22.695341
08652	9.732861	-1.695981	0.747366	0.012364	0.003062	-0.013873	-60.125958	-81.038073	-22.666421
08653	9.748695	-1.721899	0.732806	0.013255	0.001909	-0.002828	-60.129014	-81.042753	-22.654837
08654	9.734827	-1.718389	0.753097	0.021474	0.001423	-0.005835	-60.164739	-81.039928	-22.605924
