// Start Time: Unknown
// Update Rate: 100.0Hz
// Filter Profile: human (46.1)
// Firmware Version: 4.3.5
PacketCounter	Acc_X	Acc_Y	Acc_Z	Gyr_X	Gyr_Y	Gyr_Z	Roll	Pitch	Yaw
48864	9.806919	-0.084751	0.861430	0.005754	0.006729	-0.013821	-5.667340	-84.957499	13.026958
48865	9.821859	-0.129111	0.853115	0.000590	0.001789	-0.011919	-6.319141	-85.035642	13.739006
48866	9.791642	-0.155669	0.809978	0.006272	0.006918	-0.010378	-6.242532	-85.032353	13.665717
48867	9.798388	-0.147883	0.788061	0.015915	0.005200	-0.013444	-6.139664	-85.029270	13.567560
48868	9.820595	-0.140654	0.796919	0.022826	0.004818	-0.014578	-6.027747	-85.027410	13.468348
48869	9.813797	-0.145526	0.819992	0.026135	0.005548	-0.015060	-5.900958	-85.023973	13.348319
48870	9.813051	-0.114444	0.802403	0.027355	0.005800	-0.015942	-5.777062	-85.021596	13.239687
48871	9.813026	-0.112793	0.802938	0.021607	0.004554	-0.013699	-5.674010	-85.019791	13.146859
48872	9.805505	-0.088574	0.807656	0.013769	0.002831	-0.011856	-5.586726	-85.018843	13.067164
48873	9.841988	-0.097884	0.789550	0.009004	0.005568	-0.012316	-5.496600	-85.016143	12.977154
48874	9.827671	-0.080228	0.816915	-0.003822	0.004543	-0.014545	-5.400841	-85.014343	12.878834
48875	9.827229	-0.123812	0.777910	-0.004467	0.006359	-0.012214	-5.315823	-85.011105	12.783337
48876	9.820427	-0.129079	0.800934	-0.007131	0.003808	-0.014064	-5.225705	-85.009672	12.688775
48877	9.805721	-0.156119	0.788675	-0.002251	0.004826	-0.017589	-5.113519	-85.008397	12.568777
48878	9.835434	-0.171541	0.793346	0.005809	0.008589	-0.015820	-5.001892	-85.004294	12.460064
48879	9.806414	-0.182073	0.808257	0.018707	0.005728	-0.017372	-4.898794	-85.004005	12.366345
48880	9.821077	-0.151613	0.821497	0.024399	0.005092	-0.017624	-4.766928	-85.001949	12.248009
48881	9.820292	-0.120465	0.803929	0.033621	0.007231	-0.014744	-4.678399	-85.000131	12.172351
48882	9.805930	-0.102083	0.831545	0.028115	0.007721	-0.022264	-4.512950	-84.996743	12.022440
48883	9.812694	-0.093467	0.809452	0.030330	0.000723	-0.016052	-4.426333	-84.998974	11.945601
48884	9.828094	-0.092430	0.840823	0.023457	0.008741	-0.015130	-4.309798	-84.994641	11.842112
48885	9.842383	-0.107153	0.814732	0.019224	0.005905	-0.013936	-4.256565	-84.995344	11.800254
48886	9.820149	-0.111353	0.806978	0.018356	0.005676	-0.015217	-4.144062	-84.992739	11.697878
48887	9.841533	-0.074526	0.797733	0.018412	0.007548	-0.017213	-4.067476	-84.992362	11.626199
48888	9.812508	-0.085044	0.812635	0.013884	0.006559	-0.015850	-3.953179	-84.989248	11.519447
48889	9.826807	-0.099735	0.786656	0.013292	0.010251	-0.015517	-3.897274	-84.987757	11.465874
48890	9.797768	-0.110351	0.801797	0.007028	0.008809	-0.016716	-3.780474	-84.983363	11.352665
48891	9.804488	-0.102300	0.780281	0.003995	0.011995	-0.014619	-3.731793	-84.982844	11.302198
48892	9.819831	-0.101667	0.812120	-0.000292	0.007288	-0.011428	-3.654368	-84.979106	11.224306
48893	9.797581	-0.106492	0.804596	0.001147	0.009589	-0.008698	-3.664763	-84.979499	11.230999
48894	9.797517	-0.105560	0.805500	-0.001809	0.008880	-0.010380	-3.594556	-84.974800	11.159480
48895	9.857004	-0.138602	0.814655	-0.001238	0.010954	-0.008932	-3.616523	-84.974378	11.174531
48896	9.849130	-0.159948	0.780516	0.002014	0.009815	-0.007417	-3.563199	-84.969029	11.122151
48897	9.835489	-0.172097	0.826419	0.005916	0.006856	-0.008232	-3.588224	-84.972529	11.143178
48898	9.834645	-0.141752	0.808855	0.008710	0.007387	-0.012157	-3.501301	-84.968730	11.060914
48899	9.820218	-0.124252	0.836233	0.011039	0.004149	-0.009927	-3.522166	-84.975058	11.082278
48900	9.820162	-0.123151	0.837044	0.004510	0.012190	-0.011178	-3.442065	-84.968477	11.004447
48901	9.797896	-0.128094	0.829814	-0.001592	0.010924	-0.006772	-3.513186	-84.970357	11.075169
48902	9.827757	-0.099592	0.874464	-0.005550	0.012010	-0.003963	-3.486031	-84.963621	11.044724
48903	9.827500	-0.144222	0.836220	-0.005550	0.012009	-0.003963	-3.568908	-84.965860	11.129421
48904	9.812818	-0.172562	0.824992	-0.001970	0.016663	-0.002829	-3.545277	-84.956430	11.104618
48905	9.812710	-0.172117	0.826368	0.000496	0.011403	-0.006372	-3.627086	-84.957481	11.182673
48906	9.849219	-0.182008	0.809162	0.006759	0.012846	-0.005168	-3.584707	-84.950326	11.144070
48907	9.864482	-0.181980	0.841383	0.009200	0.013352	-0.006930	-3.691757	-84.948399	11.244407
48908	9.797976	-0.153675	0.857123	0.006871	0.016585	-0.009163	-3.621912	-84.939246	11.178246
48909	9.834468	-0.163181	0.840260	0.005082	0.014256	-0.009730	-3.703449	-84.939369	11.266665
48910	9.790934	-0.158271	0.882486	0.005026	0.012386	-0.007734	-3.645884	-84.932569	11.211820
48911	9.819819	-0.145107	0.869677	0.005948	0.014483	-0.008449	-3.756296	-84.929813	11.314563
48912	9.812795	-0.195694	0.854261	0.008036	0.014963	-0.008047	-3.693723	-84.921558	11.256379
48913	9.834021	-0.159614	0.846149	0.017364	0.020855	-0.009152	-3.775018	-84.916649	11.344774
48914	9.914812	-0.157455	0.846607	0.025953	0.019065	-0.005713	-3.715335	-84.905983	11.299817
48915	9.937637	-0.135073	0.914879	0.022972	0.024114	-0.005621	-3.857427	-84.896640	11.452420
48916	9.958758	-0.098693	0.907759	0.030115	0.031202	-0.014736	-3.733105	-84.879354	11.344955
48917	9.965310	-0.090214	0.888738	0.029989	0.038640	-0.020570	-3.775387	-84.860564	11.401993
48918	9.942806	-0.048296	0.923730	0.024259	0.042807	-0.029941	-3.555062	-84.837145	11.194760
48919	9.993540	-0.026410	0.922702	0.023625	0.050026	-0.039225	-3.420863	-84.814327	11.068545
48920	10.014993	0.074358	1.015204	0.028745	0.058472	-0.050749	-3.065254	-84.782506	10.728039
48921	10.035447	0.160333	1.051281	0.037345	0.075451	-0.057372	-2.798163	-84.743211	10.472880
48922	9.975401	0.216755	1.108743	0.030296	0.094369	-0.071956	-2.309898	-84.691004	9.999960
48923	9.870320	0.246508	1.092385	0.014450	0.094210	-0.083544	-1.837707	-84.639309	9.530803
48924	9.839223	0.272201	1.097267	-0.001389	0.094035	-0.095143	-1.245973	-84.586877	8.935632
48925	9.852271	0.249202	1.022197	-0.025648	0.092285	-0.094995	-0.688487	-84.533244	8.362210
48926	9.903151	0.186506	0.947909	-0.040641	0.102165	-0.094179	-0.147071	-84.475085	7.794928
48927	9.895560	0.143846	0.941854	-0.056804	0.113625	-0.094500	0.394729	-84.407493	7.214900
48928	9.923339	0.165221	0.939715	-0.073218	0.121141	-0.096443	0.905126	-84.337449	6.659896
48929	9.957283	0.238394	0.955215	-0.085346	0.125714	-0.101348	1.447763	-84.261498	6.053300
48930	10.011203	0.392503	1.001662	-0.118856	0.138464	-0.112321	1.991550	-84.180245	5.438210
48931	10.022289	0.476862	1.069122	-0.156095	0.152010	-0.128333	2.625470	-84.086727	4.705223
48932	10.009891	0.585704	1.111667	-0.197676	0.169985	-0.149074	3.280042	-83.984997	3.933071
48933	10.073152	0.601865	1.099070	-0.240035	0.178321	-0.163340	4.117639	-83.876850	2.955945
48934	10.157654	0.640507	1.154958	-0.279851	0.194791	-0.174011	4.795026	-83.757829	2.113239
48935	10.113632	0.754757	1.275791	-0.324488	0.226461	-0.202714	5.704125	-83.612992	1.007995
48936	10.073460	0.936605	1.341949	-0.371900	0.243815	-0.234858	6.540626	-83.459715	-0.048428
48937	10.044936	0.964412	1.419881	-0.422952	0.258379	-0.256926	7.640967	-83.288918	-1.394181
48938	9.997207	0.928548	1.392078	-0.481053	0.270802	-0.281773	8.523621	-83.112609	-2.560735
48939	9.955263	0.760521	1.377060	-0.520527	0.282305	-0.285565	9.611851	-82.915686	-3.955941
48940	10.049666	0.542477	1.336254	-0.543248	0.301620	-0.284186	10.336483	-82.717299	-5.000118
48941	10.071403	0.312430	1.346953	-0.532422	0.312281	-0.281101	11.220544	-82.495229	-6.196382
48942	10.050938	0.241356	1.288591	-0.502753	0.325773	-0.285243	11.851704	-82.279647	-7.123878
48943	10.050568	0.191362	1.297984	-0.454847	0.327001	-0.297651	12.732610	-82.045610	-8.274204
48944	9.973836	0.331045	1.293951	-0.409783	0.329454	-0.319320	13.453738	-81.820285	-9.239796
48945	9.973539	0.427690	1.272569	-0.383215	0.317664	-0.348829	14.420135	-81.584519	-10.421612
48946	10.001910	0.541538	1.239611	-0.363805	0.321375	-0.360558	15.228863	-81.353650	-11.450122
48947	9.939982	0.674194	1.209521	-0.358043	0.319480	-0.378055	16.231999	-81.107657	-12.668803
48948	9.929118	0.687781	1.206584	-0.377685	0.314521	-0.389829	17.039827	-80.871046	-13.705775
48949	9.871894	0.668831	1.145810	-0.404653	0.311415	-0.389315	17.984702	-80.625747	-14.892207
48950	9.809979	0.691612	1.127053	-0.435953	0.312490	-0.393623	18.678883	-80.384877	-15.849212
48951	9.744164	0.724951	1.166531	-0.473237	0.304242	-0.393934	19.509460	-80.142125	-16.957948
48952	9.718519	0.801250	1.210170	-0.521639	0.288734	-0.400101	20.119096	-79.908827	-17.880268
48953	9.697776	0.784079	1.300700	-0.580105	0.285263	-0.390689	20.831303	-79.674631	-18.935673
48954	9.715638	0.758242	1.374678	-0.635362	0.282400	-0.376109	21.245137	-79.446314	-19.726474
48955	9.730526	0.711098	1.411156	-0.691584	0.289992	-0.366912	21.741518	-79.212074	-20.634276
48956	9.683314	0.641733	1.415410	-0.734076	0.301389	-0.346264	21.944552	-78.978025	-21.269229
48957	9.642125	0.561560	1.360070	-0.753018	0.302697	-0.331486	22.218216	-78.748439	-21.977470
48958	9.633634	0.564666	1.355171	-0.752812	0.298511	-0.321530	22.313876	-78.520432	-22.514750
48959	9.683536	0.465006	1.408842	-0.752689	0.292461	-0.309653	22.551574	-78.304348	-23.184195
48960	9.700783	0.458757	1.466017	-0.752194	0.288423	-0.296164	22.568820	-78.086757	-23.641706
48961	9.761718	0.392506	1.685580	-0.749846	0.296217	-0.270770	22.715509	-77.878354	-24.220402
48962	9.711315	0.277376	1.867436	-0.772220	0.299703	-0.239184	22.554387	-77.667279	-24.507756
48963	9.638362	0.132767	1.997267	-0.790244	0.309972	-0.202930	22.416872	-77.467892	-24.823260
48964	9.529704	-0.052564	2.002958	-0.801773	0.309040	-0.155949	22.030739	-77.270371	-24.897742
48965	9.468687	-0.122199	2.061102	-0.793342	0.307320	-0.125132	21.725732	-77.088557	-25.045533
48966	9.489970	-0.218497	2.138732	-0.786549	0.295611	-0.084097	21.204815	-76.913524	-24.972793
48967	9.551655	-0.370230	2.172538	-0.771863	0.297591	-0.034641	20.672710	-76.762273	-24.868941
48968	9.534602	-0.583244	2.167637	-0.741892	0.293530	0.018466	19.963500	-76.608529	-24.576113
48969	9.545051	-0.797432	2.112969	-0.692961	0.297757	0.077117	19.209276	-76.481113	-24.196760
48970	9.541650	-1.042576	2.186471	-0.623946	0.297671	0.142321	18.310374	-76.346239	-23.638660
48971	9.568939	-1.136862	2.277184	-0.536978	0.313460	0.197459	17.373650	-76.226186	-22.989112
48972	9.560195	-1.141263	2.382066	-0.451022	0.331043	0.246144	16.349966	-76.086047	-22.199722
48973	9.444954	-1.051458	2.471943	-0.386102	0.350820	0.289128	15.228362	-75.959227	-21.266318
48974	9.375202	-0.950123	2.438657	-0.335239	0.348752	0.339765	14.092335	-75.815777	-20.291511
48975	9.369406	-0.901454	2.466545	-0.316249	0.340936	0.395990	12.765239	-75.697270	-19.110204
48976	9.474829	-0.926216	2.442282	-0.320485	0.340901	0.467792	11.405564	-75.563097	-17.894519
48977	9.540078	-0.942035	2.473321	-0.328641	0.352171	0.536584	9.779179	-75.435361	-16.417849
48978	9.567245	-1.087284	2.471723	-0.337732	0.362336	0.612941	8.140561	-75.285790	-14.922544
48979	9.544013	-1.301318	2.564782	-0.350999	0.378251	0.682491	6.227155	-75.134384	-13.156269
48980	9.505873	-1.495040	2.574789	-0.351995	0.390204	0.755511	4.341812	-74.952586	-11.411702
48981	9.423712	-1.591976	2.566955	-0.335171	0.405857	0.823834	2.196450	-74.759213	-9.392893
48982	9.358997	-1.696458	2.663925	-0.313327	0.408636	0.881108	0.168105	-74.536683	-7.473617
48983	9.301932	-1.806055	2.701773	-0.299355	0.411633	0.944386	-2.096027	-74.299700	-5.308098
48984	9.324313	-1.890096	2.612228	-0.288893	0.412119	1.020019	-4.265400	-74.032862	-3.223007
48985	9.315042	-2.008823	2.487460	-0.257468	0.416269	1.100289	-6.714545	-73.736736	-0.837302
48986	9.315835	-2.051091	2.455925	-0.224568	0.405167	1.162169	-8.966595	-73.417454	1.378756
48987	9.370927	-2.143776	2.526946	-0.203076	0.406174	1.223654	-11.419706	-73.063397	3.808331
48988	9.412331	-2.267558	2.576507	-0.178710	0.405394	1.286769	-13.686089	-72.678217	6.075271
48989	9.433114	-2.343218	2.684128	-0.169078	0.411488	1.336570	-16.090879	-72.251842	8.485843
48990	9.423556	-2.405271	2.786783	-0.160014	0.415221	1.384470	-18.293789	-71.792208	10.708136
48991	9.372927	-2.475509	2.861035	-0.153406	0.411080	1.427423	-20.630863	-71.287914	13.062614
48992	9.390338	-2.526279	2.796243	-0.147806	0.398996	1.471731	-22.741799	-70.766269	15.208070
48993	9.388575	-2.582375	2.716982	-0.124471	0.395740	1.504038	-24.933829	-70.198705	17.442868
48994	9.387914	-2.660777	2.760865	-0.111170	0.387827	1.535644	-26.888636	-69.617057	19.459479
48995	9.457752	-2.730262	2.830957	-0.095635	0.381930	1.566234	-28.922483	-68.987573	21.556273
48996	9.467040	-2.892116	2.940995	-0.092075	0.384520	1.601891	-30.726691	-68.342942	23.439643
48997	9.503400	-3.103621	3.049207	-0.094625	0.378646	1.649991	-32.649406	-67.637847	25.441522
48998	9.471507	-3.244030	3.119479	-0.098141	0.366485	1.701104	-34.363870	-66.927861	27.242402
48999	9.455364	-3.401965	3.162262	-0.085175	0.340700	1.759668	-36.202284	-66.155011	29.169926
49000	9.434300	-3.523044	3.088560	-0.080778	0.319122	1.807042	-37.835500	-65.388909	30.913368
49001	9.349233	-3.686125	3.009922	-0.075196	0.311911	1.834760	-39.540324	-64.556130	32.727161
49002	9.295178	-3.830302	2.969123	-0.075633	0.310750	1.845455	-41.006206	-63.740100	34.311188
49003	9.239957	-4.051612	2.994094	-0.076123	0.324193	1.861669	-42.517709	-62.851959	35.932617
49004	9.206430	-4.112100	3.091673	-0.092762	0.348198	1.880162	-43.809061	-61.972896	37.332999
49005	9.194452	-4.178566	3.279025	-0.114632	0.367567	1.900522	-45.153457	-61.019112	38.762372
49006	9.092781	-4.288305	3.332892	-0.126260	0.375211	1.905996	-46.299559	-60.090531	39.998812
49007	8.916122	-4.380812	3.324197	-0.123074	0.363878	1.893474	-47.481272	-59.114816	41.253879
49008	8.797194	-4.523531	3.270047	-0.082325	0.329076	1.867354	-48.470749	-58.197241	42.360686
49009	8.726090	-4.613778	3.173055	0.003427	0.295536	1.825008	-49.449338	-57.256080	43.486709
49010	8.624703	-4.642616	3.209486	0.102617	0.269121	1.788492	-50.217583	-56.377016	44.478462
49011	8.594948	-4.614578	3.261781	0.184345	0.240153	1.754602	-50.984556	-55.472363	45.497736
49012	8.679642	-4.649534	3.433251	0.239338	0.218820	1.739105	-51.595635	-54.619887	46.414261
49013	8.712858	-4.773551	3.558674	0.260186	0.228223	1.752384	-52.238780	-53.710137	47.357474
49014	8.636059	-4.911460	3.574519	0.262310	0.230771	1.776064	-52.774737	-52.825730	48.217470
49015	8.479850	-5.163478	3.404554	0.259442	0.213737	1.793472	-53.367959	-51.893959	49.120958
49016	8.317802	-5.378686	3.135933	0.284254	0.184683	1.792032	-53.859531	-51.008075	49.961572
49017	8.210949	-5.517869	2.946765	0.335422	0.144895	1.781070	-54.375102	-50.097911	50.844149
49018	8.125592	-5.455463	3.081734	0.398127	0.118823	1.759612	-54.767070	-49.240404	51.661477
49019	8.135396	-5.377539	3.313309	0.437973	0.118727	1.737629	-55.164072	-48.353911	52.487398
49020	7.989792	-5.321422	3.443185	0.451844	0.136028	1.718141	-55.451999	-47.503594	53.228064
49021	7.901593	-5.383547	3.533289	0.432566	0.133156	1.698670	-55.780714	-46.627939	53.980349
49022	7.844702	-5.583700	3.559692	0.414092	0.122165	1.697527	-56.048673	-45.786644	54.684383
49023	7.668473	-5.837547	3.491607	0.430015	0.106230	1.703320	-56.349037	-44.915301	55.418103
49024	7.450831	-5.987899	3.218330	0.466733	0.076311	1.691535	-56.569235	-44.086787	56.118046
49025	7.352070	-6.068832	3.080212	0.509032	0.046258	1.660966	-56.800640	-43.252842	56.840005
49026	7.242593	-6.207814	3.068178	0.550576	0.029061	1.614988	-56.938779	-42.472293	57.511218
49027	7.112249	-6.055879	3.085696	0.580444	0.025211	1.563043	-57.079386	-41.691620	58.179861
49028	6.962158	-5.804490	3.431574	0.579684	0.034881	1.485876	-57.136310	-40.969337	58.773516
49029	6.862825	-5.532914	3.706889	0.554439	0.026901	1.433348	-57.230662	-40.251854	59.368330
49030	6.795215	-5.628268	3.788375	0.522468	0.019313	1.418591	-57.288416	-39.565640	59.929607
49031	6.486758	-6.168467	3.552937	0.525700	-0.005059	1.433636	-57.388266	-38.859601	60.527267
49032	6.407447	-6.561869	3.397335	0.588089	-0.054313	1.444401	-57.424295	-38.182546	61.130938
49033	6.509791	-6.703435	3.362106	0.652979	-0.087694	1.445825	-57.465126	-37.496893	61.769716
49034	6.588234	-6.698414	3.399838	0.702018	-0.089568	1.419581	-57.424782	-36.842372	62.373631
49035	6.453789	-6.527483	3.510962	0.721016	-0.071079	1.373845	-57.386238	-36.188598	62.963520
49036	6.235956	-6.298452	3.658343	0.693194	-0.051265	1.317903	-57.298933	-35.572141	63.497312
49037	6.063812	-6.114288	3.739183	0.623164	-0.045768	1.273572	-57.270157	-34.962042	64.025505
49038	5.970362	-6.118359	3.816114	0.536455	-0.042939	1.251642	-57.242611	-34.375587	64.522672
49039	5.795487	-6.187745	3.848499	0.450138	-0.049326	1.256120	-57.295590	-33.777273	65.037615
49040	5.611025	-6.367168	3.782954	0.382663	-0.069324	1.267548	-57.355053	-33.190813	65.548203
49041	5.495894	-6.552428	3.720260	0.333658	-0.092155	1.263041	-57.474501	-32.602970	66.080336
49042	5.370125	-6.708341	3.782545	0.293997	-0.116839	1.244540	-57.581264	-32.040744	66.600632
49043	5.306052	-6.773511	3.812091	0.277307	-0.142550	1.212076	-57.723907	-31.492329	67.132819
49044	5.281878	-6.832497	3.985894	0.269011	-0.150170	1.166391	-57.827288	-30.976269	67.635173
49045	5.172178	-6.794329	4.183939	0.272486	-0.146129	1.136949	-57.946708	-30.464526	68.133513
49046	5.025038	-6.952145	4.115324	0.278701	-0.156469	1.135671	-58.029430	-29.963713	68.621122
49047	4.798018	-7.217643	3.968576	0.298954	-0.185524	1.137326	-58.132341	-29.462980	69.133655
49048	4.704110	-7.300726	3.832133	0.337536	-0.239020	1.139211	-58.193925	-28.984107	69.662006
49049	4.817691	-7.186466	3.837154	0.383204	-0.285487	1.129768	-58.263299	-28.516170	70.220740
49050	4.809031	-7.045375	4.060076	0.410116	-0.306521	1.105344	-58.285295	-28.073246	70.769141
49051	4.691445	-6.996199	4.238814	0.417391	-0.313302	1.074138	-58.322688	-27.640777	71.318346
49052	4.608415	-7.094348	4.364229	0.415496	-0.327734	1.041427	-58.327554	-27.234973	71.851990
49053	4.512820	-7.239198	4.640038	0.423731	-0.330609	1.032625	-58.348903	-26.828142	72.391468
49054	4.462023	-7.503434	4.802783	0.459824	-0.329444	1.036257	-58.319535	-26.425298	72.920409
49055	4.417749	-8.158425	4.839569	0.566888	-0.329085	1.052213	-58.251342	-26.008885	73.461321
49056	4.350654	-8.610161	4.653630	0.722194	-0.355839	1.056869	-58.073060	-25.605407	74.009096
49057	4.363751	-8.658487	4.240237	0.895047	-0.392323	1.043220	-57.822467	-25.214712	74.579555
49058	4.289054	-8.409562	3.860691	1.075891	-0.439496	1.009724	-57.447322	-24.864266	75.156669
49059	4.335238	-7.786130	3.683671	1.215401	-0.484360	0.943331	-57.015127	-24.556302	75.743995
49060	4.333687	-6.885588	3.821541	1.221571	-0.502018	0.871175	-56.545963	-24.299727	76.309119
49061	4.291139	-6.113861	4.165016	1.114866	-0.484214	0.803307	-56.148100	-24.067540	76.850217
49062	4.199759	-5.363436	4.616485	0.920645	-0.455240	0.766536	-55.823100	-23.852832	77.356121
49063	4.121912	-5.129657	4.992352	0.703904	-0.414292	0.763749	-55.634799	-23.623750	77.847076
49064	3.930074	-5.288666	5.164600	0.496961	-0.373066	0.772245	-55.532727	-23.382981	78.312517
49065	3.752089	-5.741946	5.273013	0.325627	-0.358337	0.774534	-55.543454	-23.133585	78.776300
49066	3.745540	-6.322049	5.108820	0.233663	-0.372881	0.756975	-55.585851	-22.900117	79.234677
49067	3.969181	-6.662512	5.029782	0.224742	-0.391878	0.734314	-55.648671	-22.680535	79.698684
49068	4.227228	-6.819806	5.041889	0.250042	-0.387505	0.698641	-55.672776	-22.478685	80.142254
49069	4.337253	-6.856836	5.101787	0.283344	-0.373515	0.661268	-55.683609	-22.288156	80.569235
49070	4.297821	-6.857939	5.123988	0.331080	-0.352333	0.622745	-55.641307	-22.110837	80.967134
49071	4.272471	-6.705974	5.203039	0.364980	-0.336398	0.571163	-55.582369	-21.952585	81.342470
49072	4.216545	-6.645960	5.213332	0.392517	-0.318927	0.523901	-55.483447	-21.811961	81.688373
49073	4.140416	-6.499658	5.328507	0.414521	-0.301009	0.475225	-55.373658	-21.689808	82.011496
49074	4.065780	-6.249073	5.409068	0.416523	-0.284725	0.439305	-55.242264	-21.579147	82.310391
49075	4.044953	-6.203135	5.422281	0.392516	-0.274751	0.405539	-55.128103	-21.483603	82.595245
49076	4.127297	-6.247331	5.507724	0.390403	-0.258248	0.367479	-54.996641	-21.399186	82.855575
49077	4.231486	-6.375508	5.491217	0.361580	-0.240157	0.340145	-54.882601	-21.325238	83.099446
49078	4.315946	-6.455762	5.350372	0.293869	-0.225304	0.306530	-54.792001	-21.259456	83.321724
49079	4.439780	-6.441750	5.274137	0.247162	-0.197710	0.264542	-54.723941	-21.208954	83.517083
49080	4.356398	-6.368426	5.347113	0.213071	-0.157963	0.215652	-54.655393	-21.163897	83.673339
49081	4.238720	-6.361568	5.368550	0.170687	-0.140303	0.171933	-54.607257	-21.139609	83.806677
49082	4.182327	-6.443104	5.391490	0.124742	-0.127832	0.137605	-54.573732	-21.121252	83.920097
49083	4.109337	-6.540096	5.516549	0.083615	-0.109240	0.109256	-54.560399	-21.117271	84.015220
49084	4.119697	-6.785196	5.455625	0.046994	-0.092323	0.080578	-54.557676	-21.113798	84.090560
49085	4.111851	-6.845057	5.456689	0.030004	-0.074222	0.051228	-54.560121	-21.126160	84.147182
49086	4.121199	-6.785010	5.487622	0.006684	-0.068303	0.013780	-54.567607	-21.145889	84.186719
49087	4.192267	-6.717483	5.378490	-0.028320	-0.075100	-0.013764	-54.594365	-21.189635	84.220400
49088	4.269367	-6.719330	5.321831	-0.039337	-0.068878	-0.038444	-54.621658	-21.233925	84.241669
49089	4.337312	-6.574048	5.398341	-0.052630	-0.044303	-0.073647	-54.648234	-21.296361	84.238423
49090	4.381099	-6.502089	5.580762	-0.077039	-0.013073	-0.112203	-54.677462	-21.356618	84.205511
49091	4.359140	-6.505181	5.661589	-0.104733	0.032274	-0.142014	-54.709805	-21.426756	84.139210
49092	4.417410	-6.551303	5.658202	-0.114631	0.063269	-0.170478	-54.738897	-21.489049	84.047247
49093	4.453859	-6.543762	5.637369	-0.111984	0.110091	-0.196325	-54.752387	-21.559905	83.922081
49094	4.484083	-6.463870	5.633417	-0.127656	0.149756	-0.221058	-54.766096	-21.617332	83.768561
49095	4.483823	-6.390216	5.647118	-0.162581	0.193113	-0.244451	-54.785167	-21.684357	83.583978
49096	4.479611	-6.349739	5.574642	-0.211204	0.234062	-0.264344	-54.825003	-21.734331	83.372498
49097	4.483876	-6.352275	5.501770	-0.260726	0.263202	-0.274961	-54.881365	-21.793763	83.141202
49098	4.542198	-6.372794	5.445404	-0.317556	0.295462	-0.289107	-54.966964	-21.835547	82.889876
49099	4.630900	-6.488370	5.440808	-0.375970	0.325180	-0.295835	-55.073295	-21.886033	82.619413
49100	4.689041	-6.612230	5.484865	-0.428935	0.355675	-0.311494	-55.208021	-21.919512	82.329680
49101	4.728526	-6.756531	5.594910	-0.485720	0.391363	-0.319374	-55.360133	-21.961649	82.016980
49102	4.670236	-6.753195	5.664827	-0.521907	0.432628	-0.346599	-55.528544	-21.988116	81.675826
49103	4.639422	-6.642552	5.649703	-0.535965	0.474618	-0.397941	-55.681672	-22.042900	81.292819
49104	4.665848	-6.413879	5.571113	-0.532199	0.500138	-0.463929	-55.827087	-22.104891	80.876246
49105	4.679141	-6.009878	5.550341	-0.533647	0.525624	-0.560738	-55.945287	-22.223019	80.409913
49106	4.762510	-5.643357	5.762109	-0.564622	0.563230	-0.667925	-56.068578	-22.363415	79.889955
49107	4.718105	-5.673191	5.873825	-0.611494	0.594013	-0.755588	-56.187631	-22.555205	79.319780
49108	4.702662	-5.897213	5.771787	-0.638075	0.641700	-0.823316	-56.313487	-22.746706	78.705008
49109	4.574974	-6.075848	5.575823	-0.615137	0.694926	-0.901624	-56.388274	-22.978897	78.030401
49110	4.508969	-6.157436	5.301536	-0.566227	0.717794	-0.984273	-56.430660	-23.224684	77.319191
49111	4.508077	-6.331153	4.993217	-0.511328	0.707348	-1.053996	-56.414341	-23.526761	76.582448
49112	4.669325	-6.465003	4.771259	-0.437985	0.701035	-1.119275	-56.360018	-23.842038	75.829951
49113	4.819445	-6.483632	4.802859	-0.369691	0.714282	-1.177063	-56.233440	-24.199324	75.041869
49114	4.859830	-6.593335	4.821403	-0.337180	0.719320	-1.203933	-56.094683	-24.546383	74.244762
49115	4.869316	-6.695781	4.768079	-0.326971	0.729224	-1.211374	-55.923163	-24.911873	73.429956
49116	4.755771	-6.648137	4.694775	-0.304076	0.730487	-1.228391	-55.747355	-25.262775	72.611514
49117	4.782666	-6.466995	4.509863	-0.267765	0.723752	-1.258417	-55.523031	-25.647523	71.774947
49118	4.935437	-6.185801	4.333301	-0.259759	0.700264	-1.321794	-55.300695	-26.046838	70.930523
49119	5.217070	-5.896358	4.367909	-0.280966	0.678896	-1.402822	-55.055979	-26.508353	70.055300
49120	5.514216	-5.737252	4.637918	-0.352983	0.664939	-1.476074	-54.853364	-26.985599	69.162448
49121	5.720707	-5.911218	4.999659	-0.454151	0.664863	-1.517954	-54.672732	-27.500651	68.240070
49122	5.767078	-6.296753	5.151147	-0.556884	0.698676	-1.519689	-54.552024	-27.982319	67.301818
49123	5.500762	-6.760772	5.113765	-0.616993	0.747073	-1.503538	-54.426469	-28.459880	66.329506
49124	5.161648	-7.220463	4.806966	-0.615105	0.754488	-1.484492	-54.312651	-28.903018	65.364382
49125	4.962785	-7.530680	4.267419	-0.549660	0.723771	-1.480880	-54.139635	-29.373410	64.401754
49126	4.937405	-7.494087	3.712545	-0.452171	0.660816	-1.502403	-53.934212	-29.851466	63.467913
49127	5.165246	-7.196212	3.490187	-0.341897	0.577492	-1.555122	-53.647131	-30.398405	62.541277
49128	5.570932	-6.857643	3.523405	-0.272651	0.501600	-1.612522	-53.337043	-30.973722	61.633566
49129	6.035543	-6.544921	3.851065	-0.260253	0.470325	-1.661040	-52.987158	-31.597069	60.704285
49130	6.305086	-6.410298	4.275611	-0.311041	0.477337	-1.685081	-52.663501	-32.204806	59.760412
49131	6.490277	-6.639528	4.568488	-0.362101	0.516131	-1.668983	-52.329665	-32.806992	58.782374
49132	6.431423	-6.915514	4.751166	-0.436198	0.572286	-1.634311	-52.033771	-33.349370	57.787962
49133	6.221091	-7.107130	4.667166	-0.440633	0.594037	-1.597574	-51.711738	-33.882917	56.777889
49134	6.091224	-6.982473	4.460709	-0.412591	0.562784	-1.587461	-51.390217	-34.398469	55.789291
49135	6.127913	-6.775944	4.050567	-0.364431	0.478286	-1.609634	-51.031112	-34.968760	54.816887
49136	6.343788	-6.403746	3.942540	-0.307202	0.400846	-1.684070	-50.646952	-35.575638	53.852193
49137	6.629723	-6.161383	4.197789	-0.266534	0.341188	-1.776067	-50.201454	-36.258399	52.855596
49138	6.825785	-6.274823	4.733442	-0.269803	0.353316	-1.810664	-49.742259	-36.926365	51.831182
49139	6.787942	-6.425036	4.943753	-0.304835	0.412777	-1.786546	-49.255188	-37.574070	50.759641
49140	6.515157	-6.540729	4.991347	-0.299720	0.465969	-1.740843	-48.758171	-38.155569	49.675201
49141	6.382221	-6.734303	4.723741	-0.255477	0.457264	-1.693874	-48.218635	-38.730967	48.592550
49142	6.427182	-6.573362	4.543530	-0.194227	0.412128	-1.681204	-47.661686	-39.291743	47.535931
49143	6.596790	-6.178482	4.302873	-0.147016	0.343623	-1.706866	-47.059274	-39.899106	46.477426
49144	6.657532	-5.730176	3.870996	-0.074050	0.249980	-1.768973	-46.422540	-40.542887	45.430507
49145	6.754187	-5.440198	3.473416	0.021679	0.141942	-1.863099	-45.699335	-41.276138	44.362190
49146	7.057787	-5.189842	3.627962	0.086258	0.072017	-1.950997	-44.920677	-42.045633	43.269855
49147	7.260891	-4.971257	4.149447	0.073844	0.052327	-2.011663	-44.089732	-42.853413	42.116464
49148	7.403066	-4.839850	4.304581	0.055445	0.044117	-2.034861	-43.244409	-43.643960	40.933671
49149	7.493727	-4.765304	4.414948	0.056428	0.055198	-2.056758	-42.337149	-44.442737	39.689401
49150	7.548157	-4.719991	4.636954	0.022385	0.053565	-2.067877	-41.423089	-45.214657	38.415505
49151	7.403668	-4.752822	4.673867	-0.009768	0.042841	-2.074579	-40.476999	-45.996457	37.097099
49152	7.368355	-4.600809	4.398970	-0.002649	0.004950	-2.070290	-39.518916	-46.760536	35.775880
49153	7.421521	-4.422807	4.216509	0.031160	-0.053328	-2.069372	-38.509710	-47.551550	34.436541
49154	7.594577	-4.187788	4.137567	0.058687	-0.123041	-2.082554	-37.477326	-48.345421	33.095741
49155	7.618410	-4.084106	4.139070	0.095995	-0.153011	-2.121661	-36.354789	-49.166372	31.687863
49156	7.650900	-3.887827	4.276890	0.107044	-0.163461	-2.156505	-35.176388	-49.968316	30.224453
49157	7.704507	-3.965561	4.315665	0.121877	-0.179813	-2.167596	-33.922145	-50.777920	28.697888
49158	8.011265	-3.936308	4.396399	0.145441	-0.186972	-2.179219	-32.609914	-51.556139	27.124379
49159	8.282261	-3.819962	4.548413	0.132721	-0.207696	-2.168868	-31.246849	-52.334275	25.500410
49160	8.642560	-3.770998	4.300623	0.118770	-0.260121	-2.171369	-29.865850	-53.098808	23.854236
49161	8.959023	-3.812714	4.011822	0.152157	-0.301077	-2.171084	-28.403821	-53.874722	22.153444
49162	9.203602	-3.707403	3.826389	0.243577	-0.358766	-2.188022	-26.847644	-54.641804	20.412024
49163	9.272035	-3.525865	4.169466	0.301630	-0.390945	-2.219228	-25.161475	-55.420629	18.595009
49164	9.169875	-3.355339	4.495311	0.336380	-0.412648	-2.269815	-23.361042	-56.174136	16.654987
49165	8.884712	-3.159735	4.531022	0.374441	-0.437392	-2.322546	-21.407877	-56.932434	14.596296
49166	8.520750	-2.928314	4.506146	0.440430	-0.475578	-2.370719	-19.312957	-57.663974	12.410476
49167	8.170843	-2.691176	4.435758	0.494714	-0.492309	-2.385434	-17.069690	-58.377716	10.124998
49168	7.925984	-2.401547	4.461522	0.498397	-0.492277	-2.343692	-14.780262	-59.020719	7.783558
49169	7.870571	-2.164156	4.316707	0.471343	-0.506870	-2.252336	-12.489143	-59.625068	5.456688
49170	8.100202	-1.950065	4.271011	0.429902	-0.522453	-2.161434	-10.242488	-60.165721	3.148150
49171	8.433063	-1.780184	4.259905	0.361505	-0.524958	-2.088914	-8.014433	-60.669395	0.846073
49172	8.634412	-1.558218	4.350480	0.260283	-0.513048	-2.042713	-5.833997	-61.105211	-1.475328
49173	8.696827	-1.256601	4.411841	0.138565	-0.493531	-1.999296	-3.688128	-61.498110	-3.808489
49174	8.675418	-1.076080	4.429293	0.001536	-0.467163	-1.953951	-1.627716	-61.820085	-6.144904
49175	8.685907	-1.098960	4.288210	-0.094507	-0.446355	-1.899288	0.381218	-62.102703	-8.463088
49176	8.699846	-1.274627	4.145488	-0.144095	-0.437150	-1.836116	2.315621	-62.330802	-10.739317
49177	8.736145	-1.485878	4.028939	-0.124678	-0.447050	-1.755067	4.220651	-62.543556	-12.949707
49178	8.881809	-1.683117	4.049433	-0.056678	-0.478051	-1.663180	6.079625	-62.733052	-15.075901
49179	9.270682	-1.735552	4.079661	0.015840	-0.546704	-1.552506	7.907577	-62.949629	-17.102327
49180	9.806765	-1.692305	3.839620	0.138132	-0.619045	-1.453907	9.723944	-63.174490	-19.047493
49181	10.323970	-1.439796	3.785702	0.241361	-0.659768	-1.391778	11.580027	-63.412845	-20.950151
49182	10.421033	-1.049852	4.042121	0.267141	-0.662896	-1.363621	13.439706	-63.616217	-22.853420
49183	10.225222	-0.753939	4.151950	0.213491	-0.653254	-1.356353	15.293195	-63.800707	-24.767699
49184	9.860690	-0.528364	4.094201	0.157077	-0.652038	-1.342325	17.112570	-63.946433	-26.690438
49185	9.408365	-0.410318	4.122002	0.102610	-0.650341	-1.303839	18.883524	-64.084892	-28.579870
49186	8.906430	-0.472462	4.054386	0.066083	-0.643209	-1.237237	20.565903	-64.193911	-30.403979
49187	8.543573	-0.504474	3.800968	0.091128	-0.649935	-1.132231	22.169150	-64.319232	-32.109198
49188	8.350315	-0.324002	3.824430	0.110773	-0.670797	-1.029345	23.689127	-64.444591	-33.721103
49189	8.363307	-0.329845	3.714536	0.097953	-0.681213	-0.902882	25.087351	-64.601529	-35.185959
49190	8.473050	-0.302881	3.448648	0.139635	-0.700401	-0.792847	26.412533	-64.766611	-36.560053
49191	8.740325	-0.386198	3.358358	0.203316	-0.694785	-0.676724	27.663893	-64.959994	-37.797657
49192	8.989454	-0.365849	3.457188	0.262007	-0.666924	-0.570632	28.833709	-65.142686	-38.918954
49193	8.874894	-0.061080	3.575973	0.321160	-0.616375	-0.495832	29.940777	-65.326610	-39.920567
49194	8.663226	0.163715	3.686955	0.355542	-0.580355	-0.458014	31.019032	-65.480756	-40.879063
49195	8.420048	0.193603	3.552313	0.421595	-0.550045	-0.414195	32.077091	-65.641003	-41.761916
49196	8.372428	0.408229	3.373814	0.480304	-0.546521	-0.340526	33.102796	-65.800304	-42.581949
49197	8.578117	0.782687	3.323652	0.503036	-0.549589	-0.249888	34.053652	-65.999485	-43.293266
49198	8.800004	0.911364	3.145265	0.492475	-0.552505	-0.148972	34.911548	-66.212550	-43.919683
49199	9.063976	0.971712	2.868007	0.488271	-0.559796	-0.051053	35.674189	-66.473520	-44.435687
49200	9.381523	0.942414	2.648244	0.486573	-0.566124	0.030787	36.373615	-66.746591	-44.890735
49201	9.493431	1.009176	2.482181	0.500158	-0.577124	0.091474	37.029542	-67.059676	-45.281622
49202	9.591442	1.001603	2.450570	0.512632	-0.596622	0.132324	37.686513	-67.377682	-45.672385
49203	9.546551	1.024813	2.446609	0.525010	-0.595770	0.168991	38.315128	-67.723614	-46.018695
49204	9.554318	1.136995	2.405859	0.525056	-0.593034	0.204927	38.925388	-68.062591	-46.349474
49205	9.503862	1.184985	2.391610	0.497180	-0.583638	0.256411	39.457643	-68.432663	-46.605812
49206	9.492204	1.251034	2.315719	0.455812	-0.576260	0.312017	39.919477	-68.801076	-46.818150
49207	9.542859	1.264375	2.232770	0.406461	-0.564449	0.379846	40.263677	-69.207138	-46.929545
49208	9.560210	1.360883	2.266140	0.366800	-0.560053	0.425600	40.547142	-69.609693	-47.004715
49209	9.603856	1.385429	2.354709	0.345491	-0.559389	0.447826	40.785574	-70.038907	-47.041124
49210	9.560913	1.346781	2.426874	0.352022	-0.552520	0.457582	41.027142	-70.449980	-47.080387
49211	9.475176	1.323383	2.462226	0.355130	-0.539848	0.456011	41.250549	-70.874030	-47.092488
49212	9.373152	1.234039	2.477614	0.378994	-0.523944	0.453491	41.492580	-71.271175	-47.115718
49213	9.270421	1.194630	2.373026	0.409999	-0.519976	0.463889	41.724126	-71.689647	-47.104096
49214	9.405946	1.275401	2.164542	0.426451	-0.523827	0.498090	41.945826	-72.103740	-47.077232
49215	9.634517	1.348252	2.049083	0.448337	-0.525410	0.545854	42.103878	-72.556007	-46.965585
49216	9.929236	1.497111	1.916998	0.451148	-0.531687	0.580474	42.243055	-73.005200	-46.837656
49217	10.213254	1.643343	1.748644	0.461110	-0.514626	0.598904	42.319790	-73.473515	-46.635499
49218	10.291113	1.897981	1.724391	0.458918	-0.499447	0.577477	42.423222	-73.908062	-46.466315
49219	10.200808	2.153554	1.725661	0.433773	-0.486225	0.526799	42.547568	-74.336708	-46.331106
49220	9.978036	2.343450	1.844047	0.407063	-0.480903	0.471790	42.754521	-74.722668	-46.300881
49221	9.692365	2.579766	1.993553	0.351242	-0.488734	0.410727	43.021231	-75.106865	-46.364831
49222	9.586315	2.851488	2.134071	0.259554	-0.516006	0.344298	43.411646	-75.457552	-46.611797
49223	9.754894	3.061431	2.271533	0.130350	-0.525045	0.284528	43.836475	-75.805713	-46.969167
49224	9.999645	3.154739	2.367399	-0.010248	-0.501571	0.245300	44.244436	-76.110115	-47.392835
49225	10.103581	3.133984	2.532276	-0.170810	-0.449066	0.222716	44.513269	-76.399906	-47.765164
49226	10.399118	2.620233	2.716676	-0.290458	-0.387825	0.221952	44.639339	-76.647546	-48.063045
49227	10.188674	1.022345	2.921139	-0.150811	-0.291532	0.337202	44.471152	-76.917389	-47.974267
49228	9.267632	-0.334820	2.622036	0.160352	-0.318036	0.499093	44.247478	-77.247744	-47.647656
49229	9.282521	-0.509298	1.772525	0.431135	-0.490303	0.558455	44.346250	-77.687231	-47.491294
49230	10.131886	-0.037069	1.069140	0.582717	-0.569055	0.504452	44.808886	-78.122484	-47.620129
49231	10.644605	0.654130	0.809038	0.653182	-0.486300	0.420179	45.309815	-78.505318	-47.745494
49232	10.454020	1.266440	0.941202	0.634457	-0.367800	0.348418	45.748614	-78.795509	-47.819448
49233	10.111182	1.521298	1.028853	0.548992	-0.305754	0.305963	46.078658	-79.059173	-47.833180
49234	9.931680	1.540114	0.984242	0.432527	-0.296296	0.288664	46.393143	-79.296124	-47.898240
49235	9.978419	1.488517	1.003996	0.338844	-0.302749	0.279711	46.668502	-79.547551	-47.976614
49236	9.956084	1.064801	0.979061	0.285872	-0.286383	0.272414	46.926931	-79.773721	-48.070017
49237	9.826476	0.719545	0.823369	0.321181	-0.278419	0.263545	47.187458	-80.008480	-48.146158
49238	9.758673	0.646865	0.744084	0.394404	-0.295630	0.234926	47.631989	-80.222254	-48.365229
49239	9.801214	0.741393	0.781514	0.482909	-0.304003	0.205232	48.204015	-80.442201	-48.660051
49240	9.818816	1.027947	0.903547	0.559777	-0.303572	0.171500	48.943766	-80.630956	-49.082092
49241	9.941413	1.332935	0.974221	0.598718	-0.307255	0.136473	49.793579	-80.820707	-49.594831
49242	10.055120	1.473705	1.011568	0.600480	-0.304741	0.109399	50.753514	-80.980409	-50.215821
49243	10.125508	1.575655	0.929987	0.580612	-0.305879	0.079943	51.776690	-81.141205	-50.913808
49244	10.134293	1.647609	0.759318	0.530821	-0.299799	0.049974	52.874804	-81.268634	-51.714502
49245	10.131114	1.881156	0.606281	0.431132	-0.285280	0.021950	53.941757	-81.391193	-52.541219
49246	9.974053	2.140693	0.396118	0.275668	-0.275556	0.000472	54.980817	-81.482844	-53.429552
49247	9.864541	2.323137	0.333683	0.080889	-0.282487	-0.015901	55.972968	-81.581294	-54.387278
49248	10.002413	2.257064	0.562087	-0.118982	-0.280927	-0.013053	56.872901	-81.663632	-55.363125
49249	10.168499	1.876686	0.741935	-0.299271	-0.259095	0.002897	57.575684	-81.758866	-56.247217
49250	10.275631	1.307030	0.960465	-0.417239	-0.230003	0.017457	58.103547	-81.836953	-57.019382
49251	10.254430	0.931415	0.986144	-0.468059	-0.207527	0.019618	58.530547	-81.921937	-57.721932
49252	10.153521	0.682784	1.021570	-0.475643	-0.203430	0.010879	58.970442	-81.987164	-58.438761
49253	9.999511	0.440931	1.043859	-0.428058	-0.201619	-0.011622	59.485532	-82.053391	-59.207077
49254	9.884983	0.224246	0.890578	-0.338698	-0.212001	-0.016907	60.111741	-82.105505	-60.032590
49255	9.818560	0.076847	0.696928	-0.217774	-0.220665	-0.015382	60.842997	-82.173138	-60.897076
49256	9.841663	-0.020947	0.577241	-0.081270	-0.221593	-0.007451	61.655153	-82.229771	-61.761170
49257	9.864597	0.077691	0.553706	0.050147	-0.212498	-0.001863	62.507873	-82.299266	-62.592668
49258	9.951208	0.262964	0.701691	0.155870	-0.185132	0.012123	63.305815	-82.352976	-63.305078
49259	9.974796	0.557984	0.777495	0.217239	-0.148156	0.006937	64.014424	-82.407928	-63.894912
49260	9.987627	0.825751	0.838582	0.239587	-0.121042	0.002356	64.648683	-82.438330	-64.393661
49261	10.064191	1.068336	0.904370	0.225132	-0.095122	-0.005102	65.188482	-82.472537	-64.806648
49262	10.102607	1.166469	0.921120	0.197832	-0.067719	-0.005260	65.610065	-82.485046	-65.114954
49263	10.076610	1.200078	0.949696	0.149232	-0.039864	-0.007631	65.894928	-82.503755	-65.316811
49264	10.039239	1.114619	0.977557	0.110072	-0.018418	-0.010867	66.082021	-82.501443	-65.439317
49265	10.075364	0.916821	0.862233	0.080167	-0.003541	-0.020714	66.204898	-82.504484	-65.515430
49266	10.046847	0.679129	0.604190	0.074668	0.019985	-0.016975	66.229358	-82.490056	-65.494373
49267	9.890946	0.542284	0.364381	0.090950	0.027603	-0.015134	66.222638	-82.488786	-65.433912
49268	9.826128	0.454449	0.198066	0.127410	0.024630	-0.012128	66.250362	-82.475852	-65.385677
49269	9.836954	0.607357	0.107195	0.159435	0.016154	-0.009782	66.318497	-82.480300	-65.362101
49270	9.874564	0.745456	0.097813	0.171273	0.014286	-0.010540	66.409500	-82.470613	-65.352356
49271	9.843031	0.867822	0.201313	0.158734	0.015596	-0.019143	66.496349	-82.470491	-65.348863
49272	9.843240	0.937359	0.343080	0.131130	0.021533	-0.024727	66.559821	-82.451722	-65.334561
49273	9.794887	0.914856	0.348284	0.100624	0.026471	-0.032099	66.592874	-82.442350	-65.310570
49274	9.703864	0.876489	0.336090	0.077639	0.022512	-0.025210	66.622485	-82.423130	-65.293038
49275	9.714029	0.767959	0.344204	0.071167	0.020266	-0.024417	66.650499	-82.419314	-65.279374
49276	9.681629	0.643197	0.334266	0.081744	0.012292	-0.016303	66.707513	-82.407127	-65.287126
49277	9.675919	0.526909	0.251573	0.107976	0.001731	-0.017516	66.817432	-82.411172	-65.337134
49278	9.723633	0.455526	0.201184	0.148002	-0.012007	-0.022798	67.019009	-82.401040	-65.452442
49279	9.691607	0.592719	0.087414	0.192039	-0.014604	-0.025343	67.254580	-82.404830	-65.581358
49280	9.675651	0.746532	0.121269	0.212486	-0.019484	-0.026441	67.528005	-82.394317	-65.731893
49281	9.707598	0.886201	0.186215	0.210012	-0.030402	-0.032329	67.848781	-82.397958	-65.935317
49282	9.739412	1.016435	0.191413	0.186947	-0.024570	-0.023616	68.122308	-82.389857	-66.100733
49283	9.792724	1.123688	0.301360	0.146146	-0.024931	-0.023386	68.370786	-82.396744	-66.270701
49284	9.808573	1.074598	0.306134	0.103819	-0.021722	-0.018179	68.576217	-82.390781	-66.415482
49285	9.851150	0.952631	0.313323	0.076566	-0.023180	-0.015965	68.767080	-82.401005	-66.567704
49286	9.845634	0.935255	0.272966	0.070338	-0.027412	-0.021133	68.980427	-82.394530	-66.739839
49287	9.877664	0.934658	0.330294	0.073237	-0.034327	-0.023083	69.226482	-82.403250	-66.946244
49288	9.882962	0.906664	0.341663	0.075618	-0.029621	-0.022989	69.454178	-82.396067	-67.129816
49289	9.877439	0.989652	0.345197	0.078761	-0.018748	-0.021649	69.638853	-82.402215	-67.271928
49290	9.930828	1.047285	0.434471	0.054650	-0.013230	-0.019900	69.783536	-82.393304	-67.383886
49291	9.904318	1.041644	0.505477	0.033344	-0.000821	-0.016451	69.861864	-82.398468	-67.447077
49292	9.984255	0.966035	0.518495	0.001145	0.007940	-0.010840	69.876977	-82.390241	-67.459257
49293	10.026775	0.783371	0.449945	-0.020779	0.017994	-0.014714	69.845682	-82.392661	-67.440705
49294	9.935665	0.722692	0.321453	-0.018067	0.022777	-0.016819	69.798972	-82.378313	-67.401632
49295	9.871455	0.750145	0.319513	-0.001038	0.020628	-0.021337	69.777634	-82.376749	-67.382214
49296	9.769824	0.771165	0.277981	0.027929	0.018716	-0.022804	69.782579	-82.360009	-67.368681
49297	9.801387	0.800850	0.244126	0.047956	0.011759	-0.025459	69.830974	-82.358139	-67.390851
49298	9.726495	0.909943	0.327996	0.067215	0.014493	-0.021941	69.873943	-82.342725	-67.392985
49299	9.768981	0.878449	0.324210	0.076347	0.011798	-0.018736	69.928293	-82.344469	-67.406092
49300	9.774138	0.839902	0.280921	0.076017	0.007755	-0.018393	69.997854	-82.332313	-67.429984
49301	9.800679	0.808953	0.245831	0.072398	0.000929	-0.007736	70.077558	-82.342212	-67.470131
49302	9.816247	0.888086	0.200882	0.069878	-0.007610	-0.001744	70.180809	-82.342037	-67.531577
49303	9.869317	0.984283	0.253480	0.052665	-0.009652	-0.004813	70.287944	-82.355622	-67.611132
49304	9.869028	1.085295	0.295618	0.026740	-0.002888	-0.007660	70.356089	-82.351343	-67.662108
49305	9.826466	1.080018	0.336682	0.001439	-0.005647	-0.008718	70.423451	-82.361841	-67.734336
49306	9.810557	1.042365	0.342997	-0.016205	-0.005854	-0.011517	70.484395	-82.356058	-67.802887
49307	9.810599	0.993135	0.321230	-0.030859	-0.002923	-0.008754	70.523176	-82.366034	-67.862812
49308	9.821383	0.922737	0.293185	-0.037756	-0.003283	-0.007633	70.555862	-82.361871	-67.915325
49309	9.784211	0.876572	0.291195	-0.033662	-0.005841	-0.008587	70.604685	-82.372431	-67.988290
49310	9.783948	0.928160	0.312387	-0.021853	-0.008120	-0.023013	70.687738	-82.360885	-68.082442
49311	9.826298	0.947333	0.329386	-0.010487	-0.000636	-0.033482	70.764819	-82.357158	-68.167437
49312	9.852581	0.978799	0.375546	0.003866	0.009991	-0.038386	70.810790	-82.333876	-68.209322
49313	9.830614	1.025041	0.389530	0.008772	0.011321	-0.049845	70.872690	-82.318900	-68.270286
49314	9.830019	1.030166	0.391031	0.000722	0.020194	-0.054041	70.897196	-82.285244	-68.292348
49315	9.840434	0.964222	0.364944	-0.002423	0.021193	-0.049823	70.912567	-82.268371	-68.312812
49316	9.856779	0.806923	0.273764	-0.025827	0.019275	-0.042505	70.909376	-82.241159	-68.322290
49317	9.878301	0.718841	0.241198	-0.035437	0.018087	-0.037428	70.901433	-82.231732	-68.336520
49318	9.857079	0.663709	0.213065	-0.045060	0.020865	-0.030504	70.864495	-82.210746	-68.323075
49319	9.841164	0.617332	0.163363	-0.046081	0.024677	-0.022042	70.803251	-82.208576	-68.290566
49320	9.792901	0.643169	0.192176	-0.034050	0.023069	-0.017044	70.745699	-82.194479	-68.249960
49321	9.754694	0.747976	0.257638	-0.018871	0.020462	-0.016264	70.709245	-82.196516	-68.226013
49322	9.738074	0.811107	0.309547	-0.001297	0.014657	-0.019088	70.706624	-82.182928	-68.221924
49323	9.715837	0.904555	0.345748	0.004590	0.014885	-0.013584	70.701401	-82.187488	-68.218291
49324	9.736920	0.914223	0.355454	0.010847	0.007225	-0.013989	70.727975	-82.178090	-68.236662
49325	9.736778	0.915479	0.356109	0.014594	0.008606	-0.010881	70.749143	-82.185295	-68.254472
49326	9.790411	0.862094	0.346041	0.018340	0.009987	-0.007772	70.760527	-82.178764	-68.253192
49327	9.870975	0.776245	0.301356	0.024031	0.013949	-0.006158	70.759183	-82.187523	-68.243766
49328	9.828786	0.720188	0.322481	0.031861	0.016759	-0.002147	70.743878	-82.182782	-68.207744
49329	9.843908	0.809479	0.338474	0.036415	0.008429	-0.005206	70.770072	-82.193315	-68.217548
49330	9.859028	0.898767	0.354213	0.039291	0.013441	-0.001580	70.771286	-82.189536	-68.193919
49331	9.804716	1.003766	0.387658	0.035014	0.015735	-0.006378	70.769735	-82.198253	-68.174210
49332	9.782892	1.046283	0.401962	0.018644	0.017951	-0.006294	70.747811	-82.191100	-68.139181
49333	9.761487	1.038924	0.394944	0.005765	0.019206	-0.012636	70.723809	-82.195651	-68.115201
49334	9.734787	1.022430	0.410043	-0.000040	0.021075	-0.014351	70.690054	-82.183574	-68.079049
49335	9.788868	0.919110	0.379955	-0.006861	0.022805	-0.009447	70.640010	-82.189099	-68.036357
49336	9.794804	0.839387	0.376139	0.000114	0.025282	-0.006764	70.579433	-82.180341	-67.973056
49337	9.885519	0.822348	0.310396	0.003773	0.010987	-0.003093	70.573063	-82.191645	-67.967218
49338	9.901061	0.861483	0.305072	0.013786	0.018287	-0.004729	70.545062	-82.185341	-67.928908
49339	9.916578	0.900864	0.299787	0.015433	0.012880	-0.007711	70.544158	-82.193863	-67.922333
49340	9.868264	0.925476	0.326699	0.011543	0.007724	-0.004719	70.556461	-82.189607	-67.926015
49341	9.872710	0.996036	0.386293	0.005206	0.013271	-0.008127	70.548700	-82.197871	-67.918618
49342	9.834878	1.039804	0.370048	-0.006743	0.016962	-0.009357	70.520593	-82.189374	-67.892101
49343	9.797885	0.993659	0.369985	-0.018692	0.020650	-0.010588	70.473418	-82.194861	-67.858961
49344	9.733810	0.980097	0.405014	-0.029524	0.022609	-0.016493	70.420118	-82.181451	-67.820205
49345	9.740012	0.890553	0.342326	-0.026878	0.021747	-0.010558	70.363795	-82.186725	-67.782324
49346	9.740720	0.801685	0.360280	-0.021678	0.021450	-0.014324	70.316716	-82.174728	-67.745323
49347	9.773235	0.740181	0.342982	-0.003512	0.018050	-0.009779	70.286629	-82.181103	-67.722329
49348	9.793993	0.789452	0.315960	0.016965	0.013311	-0.010779	70.288748	-82.172614	-67.712655
49349	9.820084	0.818536	0.362481	0.024175	0.004138	-0.007883	70.326411	-82.182867	-67.741134
49350	9.861500	0.925864	0.364386	0.017467	0.000036	-0.002885	70.369830	-82.181225	-67.772871
49351	9.860544	1.016229	0.348654	0.010472	0.001519	-0.003731	70.404459	-82.194359	-67.804748
49352	9.860479	1.016795	0.348853	-0.008448	0.002718	-0.007662	70.429189	-82.189647	-67.832623
49353	9.839504	0.969213	0.378191	-0.018383	0.011080	-0.006602	70.414097	-82.199441	-67.829720
49354	9.775527	0.984518	0.315692	-0.039906	0.005639	-0.006474	70.407653	-82.194838	-67.844333
49355	9.765173	0.955770	0.301225	-0.047971	0.000905	-0.006347	70.414765	-82.206573	-67.883803
49356	9.791908	0.934189	0.326135	-0.064342	0.003090	-0.006296	70.404132	-82.202584	-67.908334
49357	9.813043	0.942777	0.335844	-0.087079	0.001200	-0.003463	70.384152	-82.215891	-67.942156
49358	9.802733	0.913579	0.321548	-0.106243	0.000438	-0.003267	70.355767	-82.214079	-67.973014
49359	9.830466	0.801386	0.361937	-0.109472	-0.000707	-0.002869	70.329566	-82.228035	-68.014975
49360	9.804616	0.733128	0.353843	-0.088949	0.000619	0.001778	70.303297	-82.228941	-68.037983
49361	9.814876	0.762201	0.369777	-0.070362	-0.001031	-0.005773	70.304673	-82.241490	-68.085642
49362	9.749991	0.837674	0.387279	-0.052774	-0.006783	-0.008558	70.343100	-82.238276	-68.153039
49363	9.813180	0.903277	0.376696	-0.040534	-0.002471	-0.005808	70.367732	-82.251284	-68.204620
49364	9.829018	0.902519	0.407365	-0.038564	-0.003850	-0.009154	70.403564	-82.247202	-68.261194
49365	9.823655	0.893589	0.429276	-0.033731	-0.000213	-0.008847	70.427301	-82.258140	-68.308170
49366	9.835159	0.823542	0.400808	-0.028776	-0.002401	-0.008458	70.462025	-82.254177	-68.357979
49367	9.867210	0.811699	0.403066	-0.020179	-0.001331	-0.006884	70.495086	-82.266426	-68.406512
49368	9.867814	0.762435	0.381114	-0.008010	0.000905	-0.007929	70.527834	-82.262139	-68.442333
49369	9.856813	0.784096	0.387967	-0.000359	0.003512	-0.009628	70.556427	-82.272070	-68.474951
49370	9.840823	0.786590	0.357473	0.012274	-0.000022	-0.012798	70.611294	-82.265352	-68.521379
49371	9.813229	0.859871	0.355352	0.016450	-0.000447	-0.009937	70.664975	-82.275847	-68.571519
