// Start Time: Unknown
// Update Rate: 100.0Hz
// Filter Profile: human (46.1)
// Firmware Version: 4.3.5
PacketCounter	Acc_X	Acc_Y	Acc_Z	Gyr_X	Gyr_Y	Gyr_Z	Roll	Pitch	Yaw
50300	9.572006	2.286678	0.310725	-0.001527	0.010177	-0.013118	82.194260	-76.141707	21.451079
50301	9.603552	2.300376	0.316155	0.005881	0.006828	-0.013484	82.186348	-76.133640	21.462709
50302	9.612939	2.330626	0.301013	-0.008490	0.007981	-0.010877	82.166573	-76.126844	21.478068
50303	9.606874	2.251114	0.300785	-0.008092	0.009961	-0.015593	82.144336	-76.117497	21.496218
50304	9.615266	2.229593	0.302926	0.005041	0.010392	-0.010636	82.126739	-76.110645	21.517320
50305	9.624633	2.259946	0.287789	0.010773	0.008705	-0.015169	82.118295	-76.102391	21.532409
50306	9.624239	2.261550	0.288369	0.012306	0.008779	-0.017479	82.110769	-76.091781	21.547426
50307	9.591970	2.250742	0.284361	0.016947	0.012065	-0.015683	82.099240	-76.083812	21.569393
50308	9.619415	2.316512	0.306988	0.021838	0.013941	-0.017368	82.085357	-76.072857	21.596587
50309	9.600587	2.311845	0.322473	0.018283	0.011147	-0.015632	82.077594	-76.065727	21.615516
50310	9.595524	2.284293	0.304929	0.015958	0.012237	-0.011601	82.062453	-76.058177	21.640538
50311	9.613652	2.291661	0.291111	0.018523	0.015204	-0.009257	82.043789	-76.054994	21.670856
50312	9.572831	2.302782	0.286267	0.011558	0.013006	-0.007023	82.022942	-76.049976	21.699159
50313	9.554213	2.297203	0.301974	0.013634	0.013326	-0.007568	82.006957	-76.048668	21.723935
50314	9.608018	2.293898	0.328177	0.012353	0.011841	-0.008738	81.989802	-76.042766	21.748905
50315	9.591493	2.363386	0.257239	0.006328	0.011868	-0.009457	81.973860	-76.041259	21.769342
50316	9.585318	2.312400	0.309460	-0.006410	0.008284	-0.011429	81.954967	-76.034112	21.785027
50317	9.567810	2.330331	0.255552	-0.003540	0.007440	-0.013690	81.947776	-76.030837	21.790765
50318	9.611939	2.298023	0.297462	-0.010367	0.003513	-0.004984	81.935438	-76.027726	21.797359
50319	9.630130	2.305191	0.283508	-0.013714	0.006824	-0.013318	81.926712	-76.025298	21.798954
50320	9.633597	2.283375	0.319939	-0.013227	0.009472	-0.010429	81.900924	-76.018619	21.817720
50321	9.606162	2.300727	0.334615	-0.019398	0.006108	-0.009916	81.890545	-76.019456	21.817641
50322	9.610021	2.249938	0.318536	-0.019397	0.006107	-0.009915	81.868738	-76.013340	21.828660
50323	9.663796	2.246715	0.344983	-0.010611	0.010041	-0.009205	81.853093	-76.015738	21.839050
50324	9.627905	2.258227	0.306188	-0.015638	0.009891	-0.013996	81.826173	-76.007001	21.857558
50325	9.586121	2.217749	0.318503	-0.005126	0.009769	-0.010246	81.813583	-76.010516	21.868067
50326	9.613021	2.202460	0.306023	0.003916	0.012295	-0.013016	81.792092	-76.002140	21.892527
50327	9.585520	2.220072	0.320412	0.018632	0.010419	-0.011480	81.793219	-76.007278	21.902992
50328	9.586098	2.273087	0.303953	0.018633	0.010418	-0.011478	81.783949	-75.999929	21.923542
50329	9.554006	2.261634	0.299672	0.021842	0.008837	-0.009618	81.791431	-76.006646	21.929284
50330	9.603961	2.281694	0.290039	0.022841	0.008661	-0.013686	81.789308	-75.998162	21.944972
50331	9.567653	2.322133	0.302593	0.019286	0.005865	-0.011958	81.800420	-76.004810	21.946267
50332	9.612121	2.261554	0.291513	0.015393	0.003807	-0.014348	81.805231	-75.996361	21.950413
50333	9.634841	2.298106	0.295310	0.017897	0.009179	-0.010878	81.815451	-76.006690	21.951031
50334	9.603623	2.338350	0.273899	0.015619	0.007868	-0.007978	81.809145	-76.001540	21.966732
50335	9.639356	2.300302	0.262219	0.003975	0.009883	-0.014138	81.807547	-76.006764	21.971757
50336	9.652436	2.307685	0.282552	0.002976	0.010059	-0.010067	81.789653	-76.000241	21.991955
50337	9.638346	2.331204	0.316363	0.000160	0.008500	-0.008933	81.787967	-76.010155	21.995587
50338	9.646933	2.309236	0.318409	-0.006067	0.007532	-0.007305	81.769666	-76.005436	22.010855
50339	9.613613	2.274436	0.384019	-0.004529	0.007605	-0.009610	81.771313	-76.015038	22.007587
50340	9.608765	2.246538	0.366518	0.000421	0.007087	-0.012409	81.759412	-76.007466	22.020089
50341	9.568311	2.229209	0.308862	0.000624	0.008074	-0.014762	81.757467	-76.014933	22.023335
50342	9.567688	2.149846	0.274150	0.007781	0.006155	-0.011632	81.751620	-76.007893	22.033939
50343	9.608865	2.192553	0.263165	0.031880	0.006084	-0.008719	81.786257	-76.020449	22.018683
50344	9.639921	2.234954	0.320464	0.036123	0.012517	-0.009905	81.781742	-76.013864	22.044614
50345	9.640454	2.287820	0.303877	0.036809	0.016152	-0.009366	81.785799	-76.026806	22.062604
50346	9.572337	2.315264	0.312309	0.025240	0.018836	-0.007937	81.760021	-76.020815	22.104017
50347	9.586001	2.293469	0.280464	0.022482	0.014875	-0.007925	81.763369	-76.034463	22.115498
50348	9.585759	2.294399	0.281143	0.022600	0.010072	-0.010168	81.756866	-76.027945	22.135452
50349	9.603129	2.250062	0.284115	0.015297	0.008600	-0.012072	81.775396	-76.035582	22.127357
50350	9.630159	2.234634	0.271109	0.025011	0.009661	-0.006586	81.770085	-76.031093	22.147521
50351	9.638944	2.293620	0.308034	0.033671	0.015321	-0.012326	81.793989	-76.041588	22.143411
50352	9.634288	2.346641	0.325699	0.032338	0.016233	-0.012372	81.780004	-76.033253	22.176810
50353	9.603552	2.358078	0.252192	0.021417	0.014366	-0.011437	81.786256	-76.047040	22.182253
50354	9.633643	2.349043	0.327444	0.014650	0.013144	-0.011582	81.769036	-76.039435	22.208489
50355	9.574278	2.353891	0.337140	0.001055	0.013103	-0.010757	81.759632	-76.047849	22.219836
50356	9.587965	2.332159	0.305448	-0.009273	0.009087	-0.009186	81.737136	-76.041933	22.237397
50357	9.614229	2.264964	0.310417	-0.014499	0.007934	-0.011636	81.742637	-76.049103	22.223536
50358	9.636106	2.249649	0.332162	0.002452	0.009789	-0.011822	81.726253	-76.041607	22.241716
50359	9.577349	2.225734	0.289616	0.013667	0.018428	-0.015209	81.714090	-76.045519	22.264218
50360	9.567364	2.198141	0.307084	0.023791	0.021462	-0.014419	81.684182	-76.035586	22.308935
50361	9.585455	2.205888	0.293633	0.039857	0.018698	-0.012774	81.670595	-76.047158	22.344864
50362	9.630142	2.226392	0.318825	0.050994	0.021548	-0.016037	81.656495	-76.036365	22.389327
50363	9.607548	2.244505	0.298936	0.059848	0.023091	-0.016405	81.665369	-76.039077	22.418048
50364	9.620372	2.252775	0.319088	0.062798	0.019840	-0.019753	81.663237	-76.026303	22.457155
50365	9.633887	2.232219	0.286730	0.070381	0.019891	-0.021285	81.658811	-76.034302	22.500191
50366	9.665116	2.247141	0.291578	0.075000	0.015001	-0.020453	81.674698	-76.021608	22.527930
50367	9.646842	2.294738	0.288887	0.066985	0.020468	-0.020769	81.678750	-76.028428	22.563684
50368	9.618906	2.313521	0.302733	0.063993	0.023007	-0.024980	81.671492	-76.012587	22.608735
50369	9.605048	2.309434	0.284103	0.057490	0.023462	-0.019898	81.669373	-76.017078	22.646666
50370	9.600177	2.282262	0.267114	0.047837	0.023081	-0.017817	81.650277	-76.005348	22.694348
50371	9.572403	2.300239	0.281423	0.044005	0.021717	-0.012630	81.662620	-76.014227	22.705564
50372	9.572083	2.301456	0.282346	0.039701	0.017691	-0.010323	81.648845	-76.007201	22.742901
50373	9.535750	2.260527	0.260397	0.031380	0.016401	-0.008197	81.656853	-76.016490	22.754247
50374	9.584862	2.309704	0.303196	0.031833	0.010875	-0.006305	81.652804	-76.012327	22.776883
50375	9.543410	2.268564	0.315017	0.027608	0.012636	-0.004129	81.645754	-76.029858	22.801683
50376	9.589136	2.258943	0.287660	0.025592	0.009907	-0.004710	81.639612	-76.026827	22.822705
50377	9.575776	2.252917	0.268572	0.028207	0.010489	-0.003473	81.654277	-76.037460	22.824334
50378	9.606496	2.295425	0.325697	0.024642	0.007700	-0.001763	81.651644	-76.036274	22.841184
50379	9.620603	2.272646	0.293466	0.019076	0.010374	0.000347	81.658257	-76.048163	22.846596
50380	9.606376	2.295790	0.326660	0.018756	0.011084	-0.003767	81.645185	-76.045546	22.870740
50381	9.624869	2.301967	0.312389	0.021865	0.006870	0.006942	81.634489	-76.068446	22.894616
50382	9.575370	2.334379	0.305034	0.016611	0.013167	-0.002125	81.614558	-76.066707	22.924522
50383	9.602070	2.266306	0.310243	0.017381	0.006936	0.003885	81.607534	-76.086808	22.937609
50384	9.579947	2.282398	0.289508	0.028005	0.009512	-0.001101	81.601921	-76.086025	22.959472
50385	9.561397	2.276365	0.304418	0.036869	0.011057	-0.001441	81.616372	-76.098276	22.968646
50386	9.564943	2.254318	0.340304	0.043120	0.012018	-0.003015	81.614297	-76.096255	22.995742
50387	9.619354	2.303005	0.348513	0.048565	0.014152	-0.002885	81.606423	-76.106015	23.035173
50388	9.619253	2.303371	0.348861	0.053203	0.017461	-0.001053	81.596684	-76.104686	23.076150
50389	9.596266	2.268609	0.346049	0.051891	0.015227	-0.009796	81.608544	-76.118558	23.088389
50390	9.627782	2.282162	0.351209	0.050598	0.016873	-0.002272	81.599068	-76.116711	23.127445
50391	9.592238	2.292506	0.311420	0.055558	0.023784	-0.011614	81.613646	-76.123210	23.141445
50392	9.646793	2.260605	0.286260	0.054394	0.020617	-0.006305	81.599388	-76.118814	23.187564
50393	9.651891	2.261008	0.252949	0.057229	0.022164	-0.007405	81.609905	-76.127129	23.210562
50394	9.695879	2.229734	0.296134	0.070741	0.027017	-0.005888	81.590335	-76.122505	23.271702
50395	9.669219	2.217546	0.258628	0.077520	0.035677	-0.012279	81.541404	-76.135320	23.362918
50396	9.601888	2.215491	0.214811	0.091174	0.035707	-0.012952	81.515673	-76.126127	23.442381
50397	9.550894	2.279292	0.259396	0.094534	0.029323	-0.013223	81.536882	-76.126940	23.474047
50398	9.560067	2.309852	0.243527	0.094305	0.027594	-0.018410	81.533651	-76.115322	23.532160
50399	9.586000	2.324832	0.282608	0.082560	0.019478	-0.009239	81.540991	-76.126645	23.567182
50400	9.622228	2.419980	0.286886	0.068298	0.020811	-0.016777	81.537699	-76.116622	23.609963
50401	9.674866	2.367212	0.331820	0.053845	0.021954	-0.014398	81.518399	-76.126070	23.655147
50402	9.660578	2.310789	0.332108	0.040717	0.029609	-0.018580	81.479538	-76.114409	23.718229
50403	9.646261	2.254487	0.332999	0.048790	0.032331	-0.017176	81.414730	-76.119038	23.809523
50404	9.653399	2.264084	0.388453	0.071769	0.035816	-0.022821	81.380544	-76.104532	23.886132
50405	9.696811	2.235108	0.433000	0.083719	0.039850	-0.026542	81.356675	-76.099787	23.958328
50406	9.673911	2.254173	0.413728	0.102691	0.046059	-0.032375	81.320239	-76.079036	24.055468
50407	9.650220	2.355167	0.427937	0.109746	0.056416	-0.033510	81.268042	-76.076356	24.164506
50408	9.664993	2.425530	0.519712	0.096940	0.063368	-0.033577	81.189483	-76.053525	24.301546
50409	9.645328	2.422781	0.539104	0.065848	0.075944	-0.026384	81.073551	-76.041064	24.457998
50410	9.672924	2.499442	0.653345	0.068801	0.091446	-0.026670	80.913257	-76.019495	24.662660
50411	9.675601	2.532086	0.679087	0.041432	0.109352	-0.030022	80.683091	-76.004732	24.917442
50412	9.634345	2.463298	0.649959	0.032447	0.128206	-0.033220	80.422225	-75.975681	25.204324
50413	9.550113	2.344521	0.546417	0.031902	0.137712	-0.040449	80.144326	-75.951753	25.498493
50414	9.555037	2.266707	0.491989	0.059915	0.142233	-0.055029	79.878677	-75.908408	25.806537
50415	9.573373	2.248849	0.438056	0.108146	0.148692	-0.073957	79.610646	-75.866301	26.144759
50416	9.677387	2.531437	0.372047	0.178404	0.150669	-0.116712	79.423048	-75.786828	26.442386
50417	9.823653	2.930054	0.449734	0.167481	0.160046	-0.170890	79.198304	-75.688853	26.763732
50418	9.825590	3.111571	0.457814	0.124666	0.164286	-0.219422	78.999687	-75.549716	27.041186
50419	9.753845	3.355754	0.522467	0.098085	0.160671	-0.301241	78.845080	-75.365801	27.258806
50420	9.636939	3.668960	0.560476	0.041045	0.148181	-0.411489	78.724356	-75.120151	27.406597
50421	9.497002	3.842986	0.512762	-0.037733	0.127401	-0.526326	78.649150	-74.813610	27.454477
50422	9.479159	3.949594	0.472560	-0.115601	0.080759	-0.672308	78.690888	-74.429017	27.341075
50423	9.461549	3.958220	0.347107	-0.157061	0.036822	-0.838064	78.867001	-73.950325	27.056218
50424	9.487847	4.021669	0.384534	-0.161906	-0.004736	-0.997794	79.153270	-73.391869	26.659771
50425	9.509350	4.031193	0.261259	-0.144011	-0.052237	-1.142134	79.558357	-72.754656	26.132488
50426	9.579269	3.976058	0.161187	-0.089133	-0.083571	-1.296640	80.067796	-72.034300	25.542852
50427	9.521243	4.157694	0.133824	0.051828	-0.111622	-1.435522	80.726290	-71.213986	24.875991
50428	9.479037	4.520340	0.013127	0.155233	-0.146378	-1.571460	81.451124	-70.339776	24.200982
50429	9.449927	4.860343	-0.057462	0.257181	-0.163214	-1.698005	82.267385	-69.371153	23.473630
50430	9.301469	5.461684	-0.121920	0.314668	-0.199405	-1.782278	83.076713	-68.375174	22.797622
50431	9.288506	6.171805	-0.060362	0.254018	-0.232206	-1.858263	83.879923	-67.310684	22.085097
50432	9.302116	6.686211	-0.056874	0.080954	-0.269498	-1.911910	84.540742	-66.238705	21.414723
50433	9.269867	6.900070	-0.064215	-0.153952	-0.302257	-1.960012	85.117906	-65.095627	20.688130
50434	9.332290	6.828035	-0.129740	-0.350670	-0.326658	-2.010386	85.505532	-63.965096	20.034366
50435	9.267962	6.567238	-0.105643	-0.474800	-0.338798	-2.052313	85.832196	-62.760962	19.364910
50436	9.148125	6.311633	-0.195767	-0.524460	-0.350122	-2.098466	86.070868	-61.577875	18.753345
50437	9.014457	6.175289	-0.150063	-0.514285	-0.360236	-2.143398	86.325652	-60.326342	18.111499
50438	8.860105	6.139053	-0.145090	-0.464536	-0.374647	-2.189783	86.558823	-59.089527	17.531227
50439	8.742352	6.316166	-0.184419	-0.406658	-0.394751	-2.222289	86.858798	-57.782242	16.903490
50440	8.716420	6.613034	-0.190085	-0.373513	-0.405838	-2.259884	87.109202	-56.503476	16.348517
50441	8.736909	6.901666	-0.188813	-0.386123	-0.410007	-2.293789	87.377596	-55.150469	15.746880
50442	8.653512	7.074959	-0.222279	-0.423238	-0.409909	-2.331153	87.546298	-53.828461	15.239429
50443	8.518290	7.172613	-0.245956	-0.472500	-0.416045	-2.364602	87.713550	-52.436463	14.687706
50444	8.413031	7.131280	-0.203469	-0.517394	-0.419268	-2.392439	87.789426	-51.078067	14.211127
50445	8.292317	6.956658	-0.225982	-0.531814	-0.410584	-2.398564	87.848283	-49.673038	13.730034
50446	8.088814	6.858929	-0.219010	-0.500240	-0.402310	-2.408606	87.884957	-48.304467	13.298968
50447	7.875580	6.810170	-0.176977	-0.441217	-0.391039	-2.411196	87.970856	-46.878653	12.851779
50448	7.645783	6.842722	-0.149918	-0.350031	-0.382986	-2.416801	88.048408	-45.504186	12.463620
50449	7.518400	6.958346	-0.074134	-0.268139	-0.378896	-2.411867	88.186301	-44.090331	12.044345
50450	7.291670	6.973686	-0.022072	-0.183898	-0.362475	-2.386383	88.316065	-42.731802	11.699186
50451	7.032491	7.053697	-0.002737	-0.102934	-0.345152	-2.354710	88.506702	-41.363453	11.307802
50452	6.632684	7.170203	0.044583	-0.024126	-0.318260	-2.314866	88.676914	-40.043911	11.022162
50453	6.242283	7.373408	0.051737	0.033270	-0.293866	-2.254238	88.886712	-38.730603	10.707549
50454	5.872060	7.546416	0.059502	0.037970	-0.270716	-2.188699	89.046895	-37.481533	10.479416
50455	5.550815	7.737195	0.059600	0.021293	-0.258273	-2.098426	89.210450	-36.260341	10.198326
50456	5.223516	7.849715	-0.013872	-0.023749	-0.242228	-2.009344	89.306147	-35.113025	10.006719
50457	4.973326	7.927387	-0.064403	-0.065934	-0.240258	-1.915131	89.394036	-34.007557	9.744401
50458	4.777850	7.976910	-0.023915	-0.113192	-0.243444	-1.819625	89.427312	-32.968730	9.561825
50459	4.637665	8.069340	-0.093656	-0.144067	-0.250283	-1.728468	89.463507	-31.962298	9.305022
50460	4.522879	8.200272	-0.137392	-0.169114	-0.269069	-1.649301	89.465091	-31.021172	9.111334
50461	4.476948	8.288600	-0.113055	-0.201677	-0.288489	-1.576392	89.474436	-30.092604	8.837342
50462	4.377755	8.365798	-0.123899	-0.231329	-0.307782	-1.505887	89.445494	-29.233906	8.622455
50463	4.261087	8.457421	-0.200504	-0.256414	-0.336555	-1.436291	89.413435	-28.398376	8.327324
50464	4.176393	8.550240	-0.256842	-0.293111	-0.370266	-1.377525	89.361197	-27.613951	8.075008
50465	4.209930	8.671642	-0.306821	-0.315121	-0.396076	-1.316376	89.313358	-26.863969	7.719935
50466	4.187594	8.792255	-0.460390	-0.344076	-0.423336	-1.257711	89.239946	-26.149241	7.436256
50467	4.135376	8.794514	-0.490050	-0.369775	-0.441094	-1.197815	89.165124	-25.469480	7.045502
50468	4.065204	8.807253	-0.551318	-0.386467	-0.458586	-1.127611	89.069799	-24.830538	6.741802
50469	3.980914	8.746789	-0.588116	-0.389901	-0.472395	-1.059972	88.984141	-24.227929	6.367470
50470	3.855730	8.758094	-0.542058	-0.389825	-0.494121	-0.995147	88.889171	-23.666297	6.043712
50471	3.795799	8.718160	-0.542084	-0.372202	-0.515936	-0.933632	88.819039	-23.147198	5.602738
50472	3.699219	8.707706	-0.554547	-0.360482	-0.533521	-0.871556	88.743941	-22.657891	5.257000
50473	3.655616	8.767097	-0.540228	-0.357383	-0.556324	-0.808837	88.689067	-22.205540	4.795421
50474	3.601926	8.863139	-0.518161	-0.370976	-0.579402	-0.752753	88.612426	-21.785818	4.424092
50475	3.546999	9.054378	-0.528397	-0.409272	-0.592222	-0.697751	88.523007	-21.413986	3.941583
50476	3.468076	9.229630	-0.516343	-0.461302	-0.606167	-0.634660	88.395066	-21.063729	3.556219
50477	3.407951	9.337731	-0.457647	-0.532623	-0.620559	-0.572776	88.245258	-20.752797	3.083944
50478	3.399225	9.328015	-0.417400	-0.616159	-0.633484	-0.508444	88.029818	-20.477520	2.683845
50479	3.433546	9.221998	-0.500473	-0.667280	-0.643050	-0.448306	87.797067	-20.239023	2.260129
50480	3.498484	9.057038	-0.491203	-0.695424	-0.652676	-0.401749	87.536544	-20.028488	1.849833
50481	3.567198	8.918703	-0.532707	-0.673625	-0.662003	-0.355807	87.302320	-19.846114	1.398174
50482	3.695415	8.859259	-0.497790	-0.638189	-0.662643	-0.309320	87.073535	-19.692094	0.983678
50483	3.707058	8.781873	-0.421071	-0.614869	-0.662277	-0.257134	86.868255	-19.563229	0.565084
50484	3.715916	8.717393	-0.414433	-0.590466	-0.658463	-0.198206	86.663155	-19.475571	0.156416
50485	3.611579	8.881093	-0.338709	-0.568849	-0.658548	-0.147560	86.489605	-19.406161	-0.261720
50486	3.524844	9.066623	-0.220275	-0.579125	-0.659482	-0.096086	86.289165	-19.379493	-0.667404
50487	3.504511	9.148862	-0.202761	-0.631798	-0.667969	-0.035516	86.078021	-19.376437	-1.082096
50488	3.606996	9.115127	-0.119468	-0.692458	-0.664287	0.016386	85.812111	-19.417225	-1.486081
50489	3.716138	8.996589	-0.073193	-0.742514	-0.660177	0.073382	85.535530	-19.478588	-1.889101
50490	3.842533	8.775577	-0.001989	-0.759651	-0.641397	0.128425	85.225522	-19.586059	-2.273628
50491	3.895114	8.646485	-0.020628	-0.750930	-0.625510	0.185537	84.937346	-19.715051	-2.650868
50492	3.994748	8.584405	0.079139	-0.723396	-0.614570	0.241271	84.642014	-19.889250	-3.012343
50493	4.164438	8.536027	0.112478	-0.688737	-0.600336	0.299784	84.384234	-20.087139	-3.367228
50494	4.305121	8.473168	0.218350	-0.663003	-0.578849	0.348063	84.115864	-20.323364	-3.699644
50495	4.514052	8.424301	0.258355	-0.646104	-0.555630	0.389237	83.873677	-20.574826	-4.020722
50496	4.607460	8.293632	0.294557	-0.623290	-0.525610	0.434142	83.616956	-20.859496	-4.313856
50497	4.621593	8.247471	0.431125	-0.613018	-0.506540	0.483816	83.383475	-21.166701	-4.597529
50498	4.627536	8.241346	0.492014	-0.605421	-0.489248	0.526424	83.128938	-21.503767	-4.860393
50499	4.854226	8.360694	0.663632	-0.607272	-0.465304	0.594543	82.888976	-21.875713	-5.109162
50500	5.157091	8.324113	0.825782	-0.652463	-0.422303	0.651224	82.590842	-22.281061	-5.319297
50501	5.347902	8.269428	0.957666	-0.690434	-0.374071	0.699369	82.280413	-22.710572	-5.500913
50502	5.363383	8.100297	1.017687	-0.727966	-0.333209	0.751080	81.915804	-23.167732	-5.643981
50503	5.276505	7.783849	1.104218	-0.740241	-0.298939	0.811242	81.554684	-23.659360	-5.764688
50504	5.161626	7.505308	1.153495	-0.708196	-0.273164	0.871836	81.181813	-24.181409	-5.853880
50505	5.052052	7.370743	1.103351	-0.636701	-0.252295	0.948584	80.861284	-24.750507	-5.926415
50506	5.106355	7.195561	1.165273	-0.545579	-0.236821	1.003648	80.565445	-25.344634	-5.973690
50507	5.338198	7.140534	1.173927	-0.434029	-0.222741	1.048624	80.346760	-25.970291	-6.011767
50508	5.548958	7.176878	1.260466	-0.325435	-0.208945	1.094038	80.163757	-26.613089	-6.026912
50509	5.759894	7.243895	1.299487	-0.234963	-0.189220	1.124055	80.044029	-27.280644	-6.031655
50510	5.870815	7.428554	1.392503	-0.168053	-0.161884	1.150668	79.933200	-27.950771	-6.007277
50511	5.874668	7.681027	1.482901	-0.149817	-0.141130	1.167533	79.843275	-28.640393	-5.973504
50512	5.916404	7.947550	1.499312	-0.199881	-0.120364	1.161458	79.698578	-29.312302	-5.917895
50513	5.963867	8.154570	1.575221	-0.317748	-0.112676	1.167147	79.499598	-30.000239	-5.861299
50514	6.153277	8.033755	1.598657	-0.460666	-0.111056	1.155528	79.198372	-30.667455	-5.793866
50515	6.263993	7.695587	1.485909	-0.564093	-0.101171	1.144108	78.849427	-31.341804	-5.723914
50516	6.282299	7.337757	1.537874	-0.585221	-0.099906	1.119014	78.468730	-31.986512	-5.643580
50517	6.260657	7.166701	1.684524	-0.566858	-0.100699	1.086001	78.114398	-32.628826	-5.570301
50518	6.227546	7.072511	1.807538	-0.515578	-0.096325	1.054545	77.769974	-33.236087	-5.486040
50519	6.196624	7.120659	1.939257	-0.475448	-0.093663	1.040070	77.461276	-33.852320	-5.404641
50520	6.165754	7.284529	1.951633	-0.452024	-0.091447	1.008371	77.148644	-34.432345	-5.314775
50521	6.283980	7.351500	1.945984	-0.477699	-0.092721	0.975108	76.836328	-35.012134	-5.233474
50522	6.353116	7.376651	2.008940	-0.527803	-0.095703	0.934709	76.482049	-35.550791	-5.149200
50523	6.457014	7.131475	1.900168	-0.563073	-0.105192	0.887322	76.126631	-36.082974	-5.081388
50524	6.584353	6.807082	1.878983	-0.558246	-0.114947	0.869507	75.762599	-36.587180	-5.012200
50525	6.714654	6.523489	1.894661	-0.519554	-0.120577	0.885088	75.431667	-37.120280	-4.946350
50526	6.803800	6.275146	1.972313	-0.447301	-0.123747	0.947224	75.120183	-37.668161	-4.860692
50527	7.002289	6.200865	2.029568	-0.338294	-0.097568	1.039885	74.858368	-38.284040	-4.741249
50528	7.159700	6.176286	1.981049	-0.229945	-0.058859	1.124510	74.615023	-38.919476	-4.567467
50529	7.283011	6.206560	1.907659	-0.091506	-0.019731	1.169998	74.434708	-39.595839	-4.357949
50530	7.222237	6.404386	1.811728	0.071169	0.020785	1.164498	74.313400	-40.240188	-4.110291
50531	6.829348	6.850181	1.872488	0.222641	0.031902	1.067247	74.293221	-40.852357	-3.876615
50532	6.367890	7.364171	1.840456	0.261561	0.000475	0.914991	74.317032	-41.362010	-3.689692
50533	6.128030	7.846503	2.030978	0.165866	-0.048542	0.738359	74.343201	-41.804769	-3.579985
50534	6.149041	7.940230	2.185971	-0.105666	-0.127938	0.568560	74.264827	-42.143247	-3.558031
50535	6.402926	7.353934	2.152235	-0.455247	-0.169953	0.473696	74.030461	-42.456972	-3.591748
50536	6.637961	6.690983	2.007384	-0.678626	-0.205191	0.419512	73.681973	-42.725601	-3.655994
50537	6.781497	6.055949	1.847191	-0.749888	-0.217656	0.369578	73.315813	-42.989209	-3.744179
50538	6.787604	5.667880	1.882805	-0.675626	-0.220275	0.289229	72.994712	-43.189470	-3.845389
50539	6.822699	5.283245	1.858000	-0.494314	-0.232838	0.206031	72.806863	-43.366944	-3.979716
50540	6.955976	5.406957	1.999268	-0.225242	-0.227293	0.140225	72.770977	-43.487325	-4.119798
50541	7.088934	5.937057	2.157728	-0.047275	-0.211470	0.103488	72.844649	-43.605845	-4.261782
50542	7.269115	6.469756	2.283538	-0.028900	-0.227512	0.074964	72.932821	-43.690362	-4.418041
50543	7.423457	6.723614	2.378198	-0.083880	-0.223334	0.059178	72.999126	-43.786380	-4.579728
50544	7.541019	6.818331	2.464419	-0.186550	-0.225552	0.072666	72.997152	-43.869106	-4.735727
50545	7.566544	6.754392	2.491725	-0.317849	-0.220180	0.094357	72.922081	-43.983656	-4.886880
50546	7.491679	6.391504	2.366949	-0.389166	-0.214240	0.089433	72.795866	-44.073936	-5.030575
50547	7.419601	6.070376	2.205325	-0.370218	-0.214925	0.068574	72.691862	-44.173819	-5.183355
50548	7.391736	5.758285	2.182081	-0.306527	-0.218540	0.041214	72.623610	-44.238837	-5.341808
50549	7.494099	5.783473	2.148054	-0.193697	-0.208876	0.028506	72.623991	-44.316357	-5.499294
50550	7.526727	6.087350	2.260643	-0.093873	-0.189164	0.019468	72.666024	-44.364500	-5.640824
50551	7.559034	6.482477	2.389662	-0.072440	-0.172284	0.011851	72.718981	-44.426918	-5.774273
50552	7.547565	6.854635	2.405111	-0.062375	-0.159720	0.014245	72.764583	-44.467040	-5.894852
50553	7.554408	7.065825	2.459434	-0.111224	-0.147411	0.009575	72.782139	-44.523646	-6.009701
50554	7.537456	7.037690	2.445455	-0.178257	-0.146853	0.007953	72.755767	-44.558112	-6.122119
50555	7.513303	6.753875	2.410214	-0.208827	-0.146956	0.003213	72.717983	-44.610688	-6.237988
50556	7.372033	6.413444	2.394024	-0.169733	-0.145482	-0.004168	72.697990	-44.638387	-6.352361
50557	7.306379	6.299385	2.387607	-0.059374	-0.134435	-0.027095	72.743769	-44.672023	-6.465603
50558	7.245533	6.415312	2.317500	0.054277	-0.119553	-0.053082	72.846462	-44.668445	-6.571826
50559	7.301193	6.627565	2.245268	0.125155	-0.109248	-0.076756	72.992067	-44.670162	-6.677119
50560	7.374180	6.949953	2.261561	0.137503	-0.100057	-0.099064	73.139413	-44.637782	-6.779052
50561	7.351881	7.185694	2.318323	0.074402	-0.090198	-0.123727	73.252820	-44.609799	-6.880201
50562	7.272381	7.191897	2.297393	-0.016051	-0.082813	-0.139006	73.309048	-44.552400	-6.977790
50563	7.239381	7.135844	2.318292	-0.085874	-0.079539	-0.134959	73.326137	-44.515644	-7.072884
50564	7.259887	6.915100	2.329053	-0.125070	-0.070061	-0.143240	73.313445	-44.453788	-7.161421
50565	7.247713	6.674252	2.247715	-0.105477	-0.057792	-0.153260	73.309969	-44.402820	-7.243640
50566	7.284958	6.409312	2.223251	-0.059277	-0.050728	-0.156940	73.326548	-44.330278	-7.320308
50567	7.346702	6.270726	2.107581	0.027465	-0.043460	-0.137585	73.388335	-44.285321	-7.387413
50568	7.314014	6.520385	2.203851	0.112634	-0.021562	-0.135815	73.484088	-44.219516	-7.436543
50569	7.092911	6.802901	2.266678	0.113539	-0.008710	-0.148945	73.577668	-44.162523	-7.478930
50570	7.054538	6.864459	2.214036	0.054120	-0.017848	-0.144565	73.638947	-44.091213	-7.526804
50571	7.076186	6.742400	2.179057	-0.002015	-0.012169	-0.146121	73.667086	-44.035796	-7.570674
50572	7.028535	6.560265	2.141190	-0.071365	-0.010362	-0.163123	73.655165	-43.953056	-7.616784
50573	7.001670	6.277136	2.077078	-0.104280	-0.012234	-0.157103	73.626010	-43.891308	-7.662882
50574	6.991851	6.191342	2.122948	-0.079504	-0.004354	-0.168045	73.606916	-43.804929	-7.705489
50575	7.009582	6.248683	2.131598	-0.037149	-0.001357	-0.188094	73.614785	-43.724365	-7.749930
50576	6.998925	6.297169	2.155914	0.015564	0.003488	-0.201431	73.650986	-43.618369	-7.793866
50577	6.964034	6.383469	2.100656	0.049971	0.006696	-0.220930	73.708860	-43.518374	-7.838918
50578	7.077878	6.077595	2.088658	0.051958	0.000258	-0.202768	73.767399	-43.412113	-7.885176
50579	7.135085	5.869779	1.981825	0.159408	0.003569	-0.186936	73.883632	-43.331280	-7.924338
50580	7.117654	5.900449	2.001158	0.270135	0.018177	-0.179812	74.053857	-43.234702	-7.951323
50581	6.987282	6.066574	2.124237	0.389377	0.020901	-0.162074	74.288154	-43.165060	-7.970863
50582	6.899773	6.129462	2.141020	0.490738	0.020523	-0.160063	74.579878	-43.078877	-7.990763
50583	6.908903	6.307486	2.101822	0.614286	0.023642	-0.169190	74.941171	-43.004834	-8.008072
50584	6.869910	6.819533	2.088519	0.714814	0.047018	-0.195646	75.351408	-42.894891	-8.013541
50585	6.856453	7.318542	2.196403	0.685033	0.050920	-0.220115	75.744283	-42.788330	-8.018109
50586	6.945315	7.520781	2.056861	0.586239	0.056812	-0.218377	76.077366	-42.664357	-8.018464
50587	7.013704	7.561385	1.994307	0.464848	0.062874	-0.215771	76.335780	-42.557895	-8.011079
50588	7.049446	7.500982	1.804785	0.355627	0.064897	-0.212811	76.530881	-42.435949	-8.002774
50589	6.990670	7.398389	1.719026	0.268041	0.070278	-0.222754	76.672818	-42.324128	-7.989906
50590	6.983083	7.277828	1.639040	0.229192	0.066926	-0.244389	76.797683	-42.184351	-7.984841
50591	6.908101	7.169051	1.599854	0.225988	0.068218	-0.282625	76.923288	-42.039094	-7.983370
50592	6.889131	7.136913	1.656143	0.207667	0.058066	-0.320024	77.048521	-41.858266	-7.997276
50593	6.742799	7.043696	1.656774	0.198382	0.039834	-0.397517	77.185030	-41.652239	-8.035816
50594	6.666796	6.872654	1.714667	0.215326	0.017338	-0.508694	77.354946	-41.371073	-8.110635
50595	6.555318	6.756742	1.660742	0.255746	-0.016635	-0.640207	77.576673	-41.035962	-8.229112
50596	6.568378	6.891093	1.553656	0.311407	-0.059940	-0.788457	77.865355	-40.607166	-8.402436
50597	6.603502	7.082946	1.643571	0.287784	-0.109144	-0.945631	78.175210	-40.110915	-8.630681
50598	6.532479	7.116291	1.654465	0.247020	-0.159954	-1.107381	78.496755	-39.513375	-8.916581
50599	6.474138	6.980783	1.520274	0.243366	-0.194498	-1.220933	78.834834	-38.870020	-9.235424
50600	6.436497	6.631739	1.399180	0.274250	-0.215959	-1.273975	79.197679	-38.182337	-9.570563
50601	6.473727	6.605427	1.231078	0.448712	-0.215321	-1.288144	79.651810	-37.500249	-9.896257
50602	6.505626	6.907653	1.164927	0.671683	-0.216745	-1.327082	80.228134	-36.778559	-10.218426
50603	6.578193	7.515992	1.163397	0.872934	-0.210417	-1.426101	80.912590	-36.013437	-10.533320
50604	6.568151	8.220642	1.002253	0.919684	-0.227084	-1.516656	81.624313	-35.179540	-10.855977
50605	6.564346	8.986812	0.910535	0.793020	-0.262282	-1.574048	82.268015	-34.328917	-11.192007
50606	6.507652	9.347010	1.050320	0.465303	-0.329953	-1.622770	82.740223	-33.436976	-11.566247
50607	6.482255	9.187296	0.935475	0.105898	-0.386717	-1.657629	83.019001	-32.543055	-11.970169
50608	6.331821	8.645823	0.862540	-0.134205	-0.421592	-1.694648	83.163835	-31.613419	-12.393390
50609	6.287158	8.201134	0.858833	-0.231050	-0.460168	-1.728163	83.259800	-30.682481	-12.837645
50610	6.139093	7.807308	0.816177	-0.240604	-0.479331	-1.803875	83.348867	-29.693233	-13.294964
50611	6.200926	7.594698	0.661721	-0.125473	-0.503287	-1.858538	83.504848	-28.690085	-13.764378
50612	6.067509	7.797828	0.653852	0.010787	-0.507601	-1.869662	83.727729	-27.663055	-14.229717
50613	5.779265	8.252729	0.769207	0.075744	-0.500995	-1.853949	83.976044	-26.660208	-14.680052
50614	5.373145	8.746103	0.927303	0.054157	-0.500533	-1.815086	84.197824	-25.660545	-15.119570
50615	5.189019	8.969638	0.890737	-0.072841	-0.507907	-1.744539	84.339663	-24.718101	-15.551557
50616	5.133949	8.979568	0.764070	-0.195403	-0.518027	-1.674626	84.401154	-23.797589	-15.981110
50617	5.181916	8.839267	0.783240	-0.282315	-0.517050	-1.624499	84.406248	-22.923386	-16.402792
50618	5.263854	8.652409	0.814711	-0.308363	-0.505538	-1.595744	84.383698	-22.047004	-16.813727
50619	5.179516	8.494877	0.874171	-0.293861	-0.482758	-1.591439	84.360957	-21.190676	-17.207595
50620	5.080532	8.513505	0.791625	-0.242011	-0.453386	-1.585553	84.351890	-20.317440	-17.581857
50621	4.768984	8.488676	0.731453	-0.222941	-0.435916	-1.542787	84.346305	-19.487016	-17.940230
50622	4.380809	8.538628	0.708849	-0.235686	-0.430176	-1.453651	84.322299	-18.687827	-18.289025
50623	4.010433	8.617258	0.600343	-0.271841	-0.440032	-1.354880	84.276480	-17.966041	-18.635842
50624	3.824433	8.814787	0.603175	-0.303036	-0.463953	-1.268721	84.207666	-17.274768	-18.992086
50625	3.901904	9.089726	0.568510	-0.331983	-0.494810	-1.205796	84.126468	-16.641709	-19.361683
50626	4.037810	9.188774	0.659831	-0.361119	-0.511124	-1.191455	84.023077	-15.998273	-19.740820
50627	4.255109	9.179686	0.702172	-0.364479	-0.527984	-1.190322	83.920863	-15.377750	-20.128931
50628	4.342587	9.071331	0.562139	-0.347781	-0.526663	-1.177713	83.819264	-14.744418	-20.516410
50629	4.280781	8.977197	0.593362	-0.305492	-0.523886	-1.165866	83.742143	-14.139669	-20.900380
50630	4.084449	8.936700	0.576755	-0.278414	-0.521533	-1.132073	83.670782	-13.533100	-21.281631
50631	3.762004	8.989052	0.486563	-0.288263	-0.532371	-1.082051	83.596172	-12.978371	-21.664687
50632	3.403068	9.049325	0.666215	-0.311885	-0.572450	-1.013424	83.503152	-12.443668	-22.067766
50633	2.900762	9.205943	0.752138	-0.357047	-0.604963	-0.938941	83.389869	-11.976833	-22.483787
50634	2.545440	9.376326	0.939790	-0.391640	-0.627095	-0.864755	83.249137	-11.531983	-22.909241
50635	2.471845	9.468233	1.014118	-0.415327	-0.641188	-0.801839	83.099129	-11.147554	-23.337750
50636	2.658105	9.488763	0.981530	-0.427483	-0.628278	-0.746556	82.930847	-10.772251	-23.756721
50637	2.804585	9.313859	0.897447	-0.429160	-0.606386	-0.714093	82.763186	-10.437537	-24.159977
50638	3.029352	9.084811	0.733000	-0.359213	-0.569608	-0.687328	82.622426	-10.093963	-24.541865
50639	2.956410	8.751958	0.706524	-0.304171	-0.528554	-0.636019	82.513658	-9.800060	-24.895198
50640	2.620250	8.494864	0.853308	-0.195563	-0.493943	-0.570913	82.453980	-9.518341	-25.225197
50641	2.106815	8.378197	0.830096	-0.098541	-0.480877	-0.481331	82.453800	-9.309769	-25.539275
50642	1.820815	8.337929	0.879203	-0.018546	-0.477030	-0.381465	82.489140	-9.134487	-25.844779
50643	1.654650	8.385434	1.060494	0.034346	-0.461648	-0.274538	82.559323	-9.041438	-26.131575
50644	1.572926	8.509429	1.146874	0.080057	-0.424933	-0.171840	82.642815	-8.980763	-26.390866
50645	1.547229	8.629297	1.171509	0.095775	-0.370956	-0.085329	82.737336	-8.987466	-26.611106
50646	1.593946	8.701828	1.151190	0.096012	-0.328895	0.015143	82.819135	-9.025393	-26.801297
50647	1.674249	8.575205	1.170447	0.092020	-0.291508	0.126231	82.902214	-9.145699	-26.960592
50648	1.505835	8.451175	1.252747	0.105288	-0.246934	0.237061	82.979978	-9.303532	-27.087963
50649	1.235748	8.280767	1.173383	0.125433	-0.216449	0.347294	83.073404	-9.543554	-27.188905
50650	1.146606	8.161835	1.049009	0.162400	-0.182840	0.469679	83.176076	-9.828936	-27.263789
50651	1.242049	8.186350	0.981266	0.211531	-0.150238	0.581829	83.310443	-10.196997	-27.311542
50652	1.479792	8.265847	0.852975	0.249152	-0.105745	0.681587	83.453386	-10.597584	-27.329056
50653	1.702772	8.480202	0.750866	0.287348	-0.042436	0.778444	83.618014	-11.069901	-27.303459
50654	1.941843	8.696939	0.738199	0.274421	0.008790	0.879150	83.760607	-11.575712	-27.244011
50655	2.040847	8.773764	0.878253	0.239350	0.071438	0.969391	83.881695	-12.149622	-27.142441
50656	1.932982	8.698942	0.961386	0.205543	0.131369	1.040067	83.966528	-12.739939	-27.003361
50657	1.732496	8.615312	0.954646	0.202583	0.173106	1.096805	84.049425	-13.380418	-26.836021
50658	1.648987	8.429794	0.930653	0.235111	0.201123	1.166667	84.136949	-14.039197	-26.649418
50659	1.716810	8.291655	0.904180	0.311491	0.222698	1.237099	84.269181	-14.756797	-26.445894
50660	1.868119	8.329423	0.778432	0.419798	0.252010	1.305415	84.448629	-15.492681	-26.223122
50661	2.111758	8.566830	0.764425	0.529979	0.282191	1.367915	84.689935	-16.282371	-25.980316
50662	2.352442	8.919287	0.716883	0.600177	0.314932	1.437556	84.955375	-17.092144	-25.717418
50663	2.573878	9.332084	0.650740	0.619283	0.349813	1.504902	85.228336	-17.958345	-25.432553
50664	2.713305	9.907716	0.725990	0.558948	0.379046	1.536537	85.450648	-18.823921	-25.131445
50665	2.837935	10.395629	0.680026	0.407300	0.398883	1.546990	85.584595	-19.713427	-24.818862
50666	2.944402	10.795829	0.654500	0.202010	0.410244	1.542100	85.587304	-20.582051	-24.499235
50667	3.085620	10.994663	0.805658	-0.022767	0.395798	1.509937	85.465906	-21.449816	-24.187147
50668	3.343933	10.824324	0.823956	-0.243720	0.375642	1.479481	85.210497	-22.283009	-23.884209
50669	3.525102	10.370949	0.857975	-0.403989	0.363913	1.470496	84.865945	-23.126487	-23.582594
50670	3.514089	9.852877	0.866264	-0.453088	0.352219	1.472142	84.482725	-23.953446	-23.280427
50671	3.567825	9.467843	0.912505	-0.412170	0.331314	1.470195	84.127325	-24.794312	-22.983948
50672	3.658796	9.097112	0.970995	-0.290594	0.310850	1.477001	83.833745	-25.623132	-22.692455
50673	3.844368	8.827838	1.054180	-0.134788	0.298742	1.484423	83.632070	-26.470815	-22.402513
50674	3.896564	8.537804	1.160495	0.037800	0.303394	1.502882	83.515386	-27.312977	-22.103115
50675	3.903473	8.437272	1.267440	0.211218	0.316544	1.522820	83.493546	-28.179856	-21.790846
50676	3.865279	8.508823	1.326180	0.336522	0.327650	1.529129	83.528858	-29.035118	-21.467986
50677	3.918620	8.561598	1.382960	0.405494	0.332278	1.543124	83.601735	-29.912260	-21.139801
50678	4.095439	8.582512	1.358424	0.419509	0.340617	1.562408	83.668755	-30.786279	-20.802488
50679	4.256442	8.410463	1.389248	0.405914	0.357441	1.600300	83.719772	-31.694327	-20.449595
50680	4.344241	8.176485	1.339301	0.399446	0.377879	1.643624	83.747166	-32.612788	-20.076481
50681	4.538397	8.052873	1.264317	0.396400	0.402404	1.685344	83.758974	-33.566135	-19.680465
50682	4.665803	8.003626	1.183589	0.377781	0.427143	1.738681	83.736232	-34.535757	-19.258460
50683	4.795156	7.926248	1.117014	0.325586	0.454756	1.797352	83.663988	-35.548726	-18.807042
50684	4.908695	7.745060	1.135678	0.268356	0.484584	1.864044	83.528666	-36.585150	-18.320952
50685	5.020325	7.487647	1.058584	0.215478	0.506767	1.936095	83.339435	-37.671405	-17.802943
50686	5.187735	7.211207	1.041042	0.197212	0.527224	1.998187	83.108501	-38.778711	-17.251795
50687	5.479501	6.952257	1.016387	0.223435	0.543546	2.067440	82.865796	-39.933387	-16.667796
50688	5.776205	6.798218	1.016362	0.284524	0.567874	2.116956	82.620874	-41.101603	-16.044354
50689	6.178601	6.700450	0.979851	0.385301	0.583750	2.154800	82.403907	-42.298896	-15.387408
50690	6.495250	6.683237	0.919902	0.494467	0.605540	2.188164	82.210702	-43.501033	-14.691658
50691	6.840390	6.702072	0.797578	0.570629	0.623943	2.221511	82.025913	-44.729580	-13.957865
50692	7.079240	6.735744	0.720831	0.614024	0.633321	2.265552	81.828577	-45.969994	-13.190032
50693	7.277853	6.776922	0.705304	0.636757	0.635688	2.294717	81.612845	-47.235402	-12.392429
50694	7.596900	6.736254	0.743283	0.655716	0.625323	2.304647	81.380229	-48.494573	-11.576034
50695	7.928535	6.688432	0.681484	0.684205	0.616778	2.311932	81.136830	-49.766860	-10.737167
50696	8.264234	6.627956	0.679948	0.706132	0.611538	2.311166	80.872214	-51.026225	-9.872377
50697	8.511391	6.623203	0.610547	0.732103	0.611848	2.302045	80.586650	-52.288250	-8.974820
50698	8.670510	6.574494	0.611892	0.744348	0.603549	2.288801	80.273186	-53.530167	-8.050838
50699	8.838992	6.559519	0.631453	0.733523	0.587230	2.285705	79.924225	-54.779149	-7.103116
50700	9.007523	6.468219	0.573330	0.695718	0.564002	2.268316	79.525661	-56.006627	-6.138088
50701	9.222323	6.347204	0.577658	0.649356	0.536726	2.245600	79.078193	-57.230413	-5.157811
50702	9.350746	6.211946	0.583891	0.610900	0.512133	2.219962	78.578447	-58.427760	-4.157335
50703	9.528874	5.962230	0.626707	0.590758	0.479529	2.181602	78.048978	-59.612610	-3.146022
50704	9.641316	5.722080	0.619037	0.586834	0.456471	2.141772	77.485046	-60.762877	-2.111896
50705	9.677352	5.458782	0.541259	0.610470	0.436960	2.093088	76.904519	-61.893151	-1.052551
50706	9.729819	5.242720	0.558848	0.656668	0.415029	2.043191	76.317908	-62.983381	0.030309
50707	9.789218	5.064525	0.530834	0.710710	0.388119	1.974291	75.746647	-64.043726	1.122656
50708	9.883746	4.877377	0.531504	0.760528	0.368667	1.910195	75.175144	-65.056599	2.234972
50709	10.064317	4.617454	0.650393	0.815376	0.365374	1.832839	74.598904	-66.032067	3.380454
50710	10.138039	4.339165	0.659716	0.888129	0.375065	1.747719	74.009225	-66.944488	4.575332
50711	10.203288	4.266499	0.567916	0.967795	0.387844	1.661505	73.414191	-67.812179	5.819938
50712	10.096488	4.261399	0.581820	0.998948	0.393700	1.588195	72.784002	-68.623834	7.111871
50713	9.937562	4.190728	0.631631	0.980080	0.390004	1.523062	72.107104	-69.404676	8.437587
50714	9.763736	4.008952	0.667345	0.932360	0.374549	1.478066	71.367094	-70.148241	9.792488
50715	9.630599	3.743403	0.710467	0.888937	0.370731	1.466726	70.536445	-70.889317	11.213093
50716	9.599934	3.532381	0.713027	0.893412	0.379110	1.450424	69.611715	-71.603223	12.727263
50717	9.633706	3.399882	0.697852	0.919515	0.386007	1.410342	68.622856	-72.295234	14.320624
50718	9.766640	3.082743	0.631663	0.955108	0.399280	1.384533	67.544052	-72.952486	16.021455
50719	9.873970	2.629581	0.504895	1.058157	0.424602	1.373069	66.381799	-73.597058	17.867238
50720	9.873720	2.164148	0.331396	1.228118	0.431414	1.374036	65.182090	-74.220378	19.845284
50721	9.902819	2.104993	0.166192	1.466850	0.420354	1.329430	64.057245	-74.821510	21.883730
50722	10.037093	2.315201	0.254144	1.629957	0.409883	1.290479	62.957799	-75.385252	23.984884
50723	10.065372	2.784933	0.289136	1.710847	0.395225	1.260595	61.841650	-75.937014	26.147955
50724	10.078190	3.443816	0.417564	1.648120	0.377141	1.214148	60.648850	-76.449695	28.345771
50725	10.085467	3.848744	0.622814	1.453496	0.355990	1.122285	59.373309	-76.921029	30.511615
50726	10.130272	3.622804	0.760772	1.180667	0.318623	1.036107	58.011044	-77.340100	32.600040
50727	9.908025	3.111297	0.726463	0.954329	0.265112	0.966956	56.620147	-77.739856	34.583614
50728	9.704302	2.684208	0.844712	0.817018	0.197718	0.886706	55.313247	-78.104160	36.395996
50729	9.497635	2.559215	0.982450	0.727303	0.129594	0.805102	54.147219	-78.452784	38.011488
50730	9.378258	2.611551	1.127714	0.632232	0.066763	0.697353	53.172726	-78.758590	39.372307
50731	9.434238	2.693099	1.218723	0.498739	0.014375	0.594745	52.365892	-79.039147	40.484683
50732	9.483431	2.526324	1.230404	0.358681	-0.024700	0.510342	51.679538	-79.284932	41.389972
50733	9.573988	2.201936	1.209108	0.253227	-0.049849	0.436638	51.099847	-79.511764	42.126163
50734	9.623437	1.771024	1.111386	0.215921	-0.060824	0.391110	50.587704	-79.714098	42.769857
50735	9.626885	1.479395	1.079811	0.275315	-0.062249	0.351127	50.174719	-79.904775	43.348426
50736	9.559339	1.483040	1.022562	0.395083	-0.068334	0.276809	49.982796	-80.058085	43.770450
50737	9.507602	1.749594	1.090911	0.489283	-0.074679	0.208711	50.000404	-80.189887	44.035893
50738	9.508437	2.144267	1.163625	0.515406	-0.088574	0.145095	50.199668	-80.292776	44.130615
50739	9.573347	2.436386	1.265223	0.464386	-0.110324	0.074272	50.584445	-80.378058	44.008796
50740	9.662566	2.513022	1.324001	0.349284	-0.125663	0.018298	51.063650	-80.438256	43.723040
50741	9.768099	2.394710	1.345402	0.231350	-0.134187	-0.019732	51.588066	-80.489047	43.324360
50742	9.836122	2.111105	1.359850	0.146043	-0.129700	-0.032055	52.077663	-80.527151	42.910096
50743	9.906761	1.908560	1.333552	0.132783	-0.123122	-0.042307	52.572950	-80.561856	42.483332
50744	9.913320	1.915647	1.373934	0.163454	-0.099318	-0.075278	53.085557	-80.568522	42.055929
50745	9.917637	2.082859	1.362536	0.186660	-0.086831	-0.097568	53.630126	-80.563565	41.610692
