// Start Time: Unknown
// Update Rate: 100.0Hz
// Filter Profile: human (46.1)
// Firmware Version: 4.3.5
PacketCounter	Acc_X	Acc_Y	Acc_Z	VelInc_X	VelInc_Y	VelInc_Z	Roll	Pitch	Yaw
08244	0.034387	0.121004	9.553590	0.000347	0.001202	0.095536	0.721007	-0.208311	7.060319
08245	0.065000	0.130464	9.541694	0.000654	0.001299	0.095417	0.788886	-0.185830	6.873258
08246	0.050709	0.100796	9.534641	0.000509	0.001001	0.095346	0.797486	-0.183046	6.877754
08247	0.049613	0.109448	9.588754	0.000501	0.001086	0.095888	0.807464	-0.176972	6.880609
08248	0.031473	0.126674	9.553526	0.000317	0.001260	0.095535	0.816063	-0.174189	6.885106
08249	0.041372	0.128467	9.531509	0.000418	0.001277	0.095315	0.824951	-0.168839	6.888353
08250	0.037183	0.106329	9.556592	0.000375	0.001057	0.095566	0.831943	-0.165044	6.892466
08251	0.036448	0.107768	9.556579	0.000369	0.001069	0.095566	0.842070	-0.160153	6.896670
08252	0.059950	0.140446	9.541585	0.000603	0.001399	0.095416	0.848970	-0.156353	6.902048
08253	0.035061	0.110454	9.556553	0.000354	0.001098	0.095566	0.856861	-0.152600	6.906424
08254	0.055554	0.112530	9.512546	0.000559	0.001118	0.095126	0.866159	-0.148417	6.911061
08255	0.054347	0.121108	9.566651	0.000548	0.001205	0.095667	0.873242	-0.143028	6.913356
08256	0.032725	0.114621	9.556512	0.000331	0.001140	0.095565	0.881293	-0.139036	6.918997
08257	0.052744	0.123829	9.566625	0.000532	0.001231	0.095666	0.889431	-0.134249	6.922249
08258	0.038334	0.094452	9.559612	0.000386	0.000936	0.095596	0.899089	-0.130680	6.925051
08259	0.051313	0.126849	9.566593	0.000517	0.001262	0.095666	0.905802	-0.126952	6.928737
08260	0.047566	0.097669	9.537597	0.000479	0.000969	0.095376	0.915367	-0.123379	6.932805
08261	0.060598	0.130069	9.544570	0.000609	0.001294	0.095446	0.921777	-0.120600	6.937185
08262	0.028544	0.123253	9.556418	0.000289	0.001227	0.095564	0.928762	-0.116811	6.941300
08263	0.066367	0.109536	9.547693	0.000668	0.001088	0.095477	0.935908	-0.113572	6.943999
08264	0.034211	0.103009	9.559539	0.000346	0.001022	0.095595	0.945200	-0.109394	6.948639
08265	0.043916	0.104750	9.537539	0.000445	0.001041	0.095375	0.950787	-0.104724	6.952991
08266	0.056823	0.137002	9.544496	0.000570	0.001364	0.095445	0.958313	-0.102148	6.955964
08267	0.073541	0.122687	9.579764	0.000739	0.001220	0.095798	0.962987	-0.100069	6.959716
08268	0.055444	0.139708	9.544465	0.000558	0.001390	0.095445	0.972096	-0.095293	6.963663
08269	0.054763	0.141164	9.544448	0.000550	0.001405	0.095445	0.976799	-0.095191	6.967524
08270	0.022851	0.134446	9.556283	0.000231	0.001338	0.095563	0.984324	-0.092624	6.970499
08271	0.032720	0.136231	9.534280	0.000333	0.001353	0.095343	0.991342	-0.089662	6.974850
08272	0.038876	0.114661	9.537447	0.000393	0.001140	0.095375	0.999202	-0.084492	6.976577
08273	0.048287	0.123542	9.569549	0.000486	0.001229	0.095696	1.003069	-0.084095	6.982538
08274	0.054683	0.101748	9.572729	0.000551	0.001011	0.095727	1.011116	-0.079531	6.984962
08275	0.036662	0.118761	9.537405	0.000370	0.001180	0.095374	1.015476	-0.078980	6.989577
08276	0.056728	0.127989	9.547525	0.000571	0.001273	0.095475	1.023428	-0.074405	6.993264
08277	0.041849	0.105854	9.594673	0.000422	0.001051	0.095947	1.025940	-0.075584	6.996124
08278	0.062373	0.107735	9.550705	0.000628	0.001071	0.095507	1.033869	-0.071032	6.999802
08279	0.040910	0.101306	9.540558	0.000412	0.001006	0.095406	1.035568	-0.071687	7.001183
08280	0.050324	0.110430	9.572657	0.000508	0.001096	0.095727	1.045505	-0.066116	7.005945
08281	0.046347	0.081279	9.543754	0.000468	0.000805	0.095438	1.045560	-0.066437	7.007867
08282	0.048653	0.113538	9.572629	0.000490	0.001128	0.095726	1.054946	-0.062876	7.013167
08283	0.027155	0.107288	9.562476	0.000276	0.001065	0.095625	1.055997	-0.062510	7.016027
08284	0.054296	0.093482	9.575835	0.000546	0.000927	0.095758	1.065203	-0.058305	7.020633
08285	0.036311	0.110443	9.540475	0.000367	0.001098	0.095405	1.062811	-0.058638	7.021874
08286	0.066424	0.127256	9.582712	0.000669	0.001265	0.095827	1.071619	-0.053201	7.025074
08287	0.045292	0.113425	9.518478	0.000457	0.001128	0.095185	1.067884	-0.057108	7.028990
08288	0.054590	0.122534	9.550574	0.000551	0.001217	0.095506	1.077743	-0.051520	7.033716
08289	0.053774	0.124134	9.550558	0.000541	0.001234	0.095506	1.075773	-0.054538	7.038063
08290	0.042474	0.125540	9.572509	0.000428	0.001247	0.095725	1.085263	-0.051001	7.040801
08291	0.021049	0.119230	9.562350	0.000214	0.001185	0.095624	1.083079	-0.052619	7.042141
08292	0.058431	0.113016	9.607852	0.000587	0.001122	0.096079	1.092456	-0.049056	7.046133
08293	0.019683	0.122153	9.562316	0.000201	0.001215	0.095623	1.088073	-0.050144	7.047118
08294	0.050215	0.131367	9.550481	0.000507	0.001308	0.095505	1.095235	-0.044377	7.051836
08295	0.045731	0.109552	9.575709	0.000461	0.001087	0.095757	1.094405	-0.043890	7.052568
08296	0.048566	0.134367	9.550448	0.000489	0.001337	0.095505	1.102340	-0.039904	7.055552
08297	0.054892	0.112465	9.553723	0.000553	0.001119	0.095537	1.095419	-0.043046	7.056809
08298	0.047069	0.137125	9.550416	0.000474	0.001361	0.095504	1.106832	-0.039124	7.062511
08299	0.032074	0.115472	9.597612	0.000325	0.001147	0.095976	1.102198	-0.041993	7.061389
08300	0.024751	0.132584	9.540230	0.000251	0.001318	0.095402	1.110911	-0.037254	7.065160
08301	0.058828	0.095622	9.556971	0.000593	0.000949	0.095570	1.102123	-0.043154	7.062843
08302	0.040188	0.120120	9.575607	0.000406	0.001194	0.095756	1.110491	-0.037876	7.067154
08303	0.018782	0.113701	9.565445	0.000189	0.001131	0.095655	1.099356	-0.048029	7.064813
08304	0.049529	0.122959	9.553623	0.000501	0.001223	0.095536	1.107188	-0.041627	7.068966
08305	0.066300	0.101177	9.534979	0.000667	0.001006	0.095350	1.099478	-0.043519	7.066532
08306	0.044289	0.102228	9.578878	0.000445	0.001015	0.095789	1.107443	-0.040947	7.070760
08307	0.068234	0.134699	9.563732	0.000685	0.001340	0.095637	1.105972	-0.044279	7.073850
08308	0.074658	0.113041	9.567049	0.000751	0.001123	0.095671	1.114480	-0.039689	7.077533
08309	0.042400	0.106561	9.578839	0.000428	0.001059	0.095788	1.112285	-0.041940	7.081793
08310	0.041597	0.108076	9.578826	0.000420	0.001072	0.095788	1.121959	-0.037159	7.085748
08311	0.051450	0.109864	9.556860	0.000519	0.001090	0.095569	1.120436	-0.038493	7.087341
08312	0.043550	0.134484	9.553497	0.000440	0.001338	0.095535	1.127529	-0.033477	7.091336
08313	0.070514	0.120427	9.566990	0.000709	0.001198	0.095670	1.127032	-0.035191	7.102159
08314	0.041966	0.137098	9.553467	0.000422	0.001364	0.095535	1.134935	-0.032064	7.104447
08315	0.027558	0.107525	9.546658	0.000279	0.001069	0.095467	1.130178	-0.039242	7.112423
08316	0.051232	0.139844	9.531488	0.000516	0.001392	0.095315	1.137509	-0.035023	7.115845
08317	0.046346	0.125703	9.610830	0.000466	0.001250	0.096108	1.130565	-0.040834	7.114632
08318	0.053397	0.096469	9.560143	0.000538	0.000956	0.095601	1.140384	-0.036872	7.117972
08319	0.034773	0.121230	9.578695	0.000353	0.001204	0.095787	1.138565	-0.037942	7.120619
08320	0.061855	0.107333	9.592218	0.000621	0.001067	0.095922	1.145405	-0.035755	7.123305
08321	0.071992	0.108773	9.570264	0.000723	0.001080	0.095703	1.139003	-0.034415	7.113925
08322	0.043426	0.125632	9.556706	0.000438	0.001249	0.095567	1.147400	-0.029952	7.116258
08323	0.060432	0.103978	9.538144	0.000608	0.001033	0.095381	1.141794	-0.036516	7.115911
08324	0.049040	0.105403	9.560072	0.000494	0.001046	0.095601	1.150382	-0.032687	7.118947
08325	0.044552	0.083753	9.585401	0.000450	0.000830	0.095854	1.147517	-0.033954	7.121098
08326	0.051111	0.131670	9.534700	0.000515	0.001308	0.095347	1.157224	-0.029942	7.124384
08327	0.067555	0.117900	9.570189	0.000678	0.001172	0.095702	1.151688	-0.036240	7.123553
08328	0.025240	0.103817	9.549858	0.000257	0.001030	0.095499	1.160818	-0.031058	7.127965
08329	0.048904	0.136361	9.534646	0.000493	0.001356	0.095347	1.157259	-0.032929	7.125552
08330	0.065150	0.122426	9.570148	0.000656	0.001218	0.095702	1.163995	-0.027513	7.127473
08331	0.064265	0.123809	9.570137	0.000647	0.001231	0.095701	1.157629	-0.024910	7.117896
08332	0.060471	0.094389	9.541462	0.000608	0.000936	0.095415	1.165917	-0.021040	7.122097
08333	0.042031	0.119060	9.559945	0.000424	0.001183	0.095600	1.149482	-0.021651	7.093845
08334	0.031345	0.112705	9.527837	0.000316	0.001120	0.095278	1.156700	-0.018477	7.097112
08335	0.040814	0.122012	9.559913	0.000411	0.001212	0.095599	1.146475	-0.019841	7.080270
08336	0.030133	0.115655	9.527806	0.000305	0.001150	0.095278	1.153381	-0.016011	7.082773
08337	0.060211	0.132522	9.570046	0.000606	0.001320	0.095701	1.141593	-0.013028	7.055259
08338	0.035672	0.095084	9.531236	0.000360	0.000943	0.095312	1.149777	-0.009456	7.058688
08339	0.027396	0.127569	9.581779	0.000277	0.001269	0.095818	1.134001	-0.017000	7.040110
08340	0.037548	0.129017	9.559835	0.000378	0.001282	0.095598	1.141944	-0.013451	7.044732
08341	0.047586	0.130513	9.537891	0.000480	0.001298	0.095379	1.127232	-0.013841	7.013831
08342	0.060759	0.085840	9.544820	0.000612	0.000850	0.095448	1.135733	-0.008803	7.018514
08343	0.046087	0.133539	9.537856	0.000464	0.001329	0.095379	1.119997	-0.020795	7.005838
08344	0.045471	0.134903	9.537840	0.000458	0.001341	0.095378	1.127533	-0.016669	7.009654
08345	0.058020	0.098181	9.598800	0.000584	0.000973	0.095988	1.109965	-0.020236	6.982205
08346	0.054155	0.145850	9.569889	0.000544	0.001452	0.095699	1.115329	-0.017094	6.983545
08347	0.039746	0.116285	9.563199	0.000401	0.001155	0.095632	1.100748	-0.028524	6.976884
08348	0.045961	0.094770	9.566680	0.000464	0.000939	0.095667	1.108835	-0.023727	6.980071
08349	0.076720	0.104122	9.554915	0.000771	0.001034	0.095549	1.093204	-0.029600	6.957865
08350	0.048230	0.120873	9.541233	0.000486	0.001202	0.095412	1.098912	-0.025227	6.959177
08351	0.047315	0.122441	9.541217	0.000478	0.001215	0.095412	1.085955	-0.034115	6.952185
08352	0.025791	0.116155	9.531034	0.000260	0.001155	0.095310	1.090966	-0.031883	6.953984
08353	0.073635	0.110090	9.554872	0.000741	0.001093	0.095549	1.082685	-0.041777	6.960419
08354	0.062073	0.111686	9.576775	0.000624	0.001110	0.095768	1.088278	-0.038314	6.962307
08355	0.040529	0.105198	9.566596	0.000410	0.001046	0.095666	1.070247	-0.051528	6.956719
08356	0.039693	0.106593	9.566584	0.000401	0.001058	0.095666	1.076503	-0.047453	6.959346
08357	0.032697	0.123110	9.509043	0.000331	0.001225	0.095091	1.068894	-0.062556	6.974978
08358	0.053552	0.110364	9.710162	0.000540	0.001095	0.097102	1.076246	-0.058531	6.977861
08359	0.014801	0.133221	9.419395	0.000153	0.001326	0.094194	1.071364	-0.062897	6.984213
08360	0.046497	0.120131	9.598613	0.000467	0.001195	0.095986	1.075947	-0.061368	6.985856
08361	0.045995	0.121744	9.598596	0.000463	0.001208	0.095986	1.075830	-0.075829	7.011684
08362	0.056840	0.115090	9.522685	0.000573	0.001145	0.095227	1.079464	-0.072118	7.013057
08363	0.045298	0.116527	9.544580	0.000456	0.001158	0.095446	1.081475	-0.077615	7.024118
08364	0.054660	0.125931	9.576644	0.000549	0.001252	0.095767	1.086896	-0.075609	7.026597
08365	0.060143	0.112346	9.634179	0.000605	0.001116	0.096342	1.087812	-0.082493	7.038178
08366	0.036992	0.136165	9.486979	0.000374	0.001352	0.094870	1.096211	-0.078823	7.041318
08367	0.042336	0.122730	9.544516	0.000427	0.001221	0.095445	1.097134	-0.078253	7.045741
08368	0.027115	0.101177	9.591887	0.000273	0.001006	0.095919	1.101670	-0.077186	7.047396
08369	0.079642	0.110109	9.536341	0.000800	0.001092	0.095363	1.104906	-0.079588	7.055776
08370	0.078893	0.111628	9.536329	0.000793	0.001111	0.095363	1.108794	-0.076770	7.056596
08371	0.056549	0.113268	9.580120	0.000570	0.001125	0.095801	1.111800	-0.079264	7.066072
08372	0.034974	0.106958	9.569931	0.000354	0.001062	0.095699	1.117887	-0.076104	7.068688
08373	0.024143	0.100452	9.537843	0.000246	0.000997	0.095378	1.119410	-0.079317	7.079215
08374	0.048003	0.132530	9.522507	0.000483	0.001319	0.095225	1.123481	-0.077229	7.080746
08375	0.039549	0.088054	9.573500	0.000400	0.000872	0.095735	1.126117	-0.077973	7.086081
08376	0.042746	0.112658	9.547979	0.000430	0.001118	0.095480	1.132911	-0.076739	7.088264
08377	0.035149	0.137142	9.544349	0.000356	0.001366	0.095444	1.133179	-0.076268	7.091288
08378	0.051997	0.115189	9.526059	0.000525	0.001144	0.095261	1.140131	-0.072418	7.094739
08379	0.033449	0.140094	9.544312	0.000338	0.001393	0.095443	1.144043	-0.069999	7.098904
08380	0.035762	0.095455	9.573444	0.000361	0.000948	0.095734	1.149004	-0.067118	7.101276
08381	0.048767	0.127784	9.579980	0.000492	0.001271	0.095800	1.149475	-0.066410	7.104813
08382	0.055854	0.097870	9.529641	0.000561	0.000972	0.095296	1.155139	-0.065363	7.106744
08383	0.044409	0.099533	9.551519	0.000448	0.000988	0.095515	1.154960	-0.068560	7.112992
08384	0.057387	0.132039	9.558042	0.000579	0.001312	0.095581	1.161885	-0.064754	7.116437
08385	0.056583	0.133520	9.558027	0.000569	0.001329	0.095580	1.157654	-0.068384	7.118868
08386	0.042011	0.103898	9.551483	0.000424	0.001032	0.095515	1.162606	-0.065636	7.119937
08387	0.055199	0.136197	9.557997	0.000555	0.001355	0.095580	1.165691	-0.067825	7.125592
08388	0.022997	0.129971	9.569683	0.000233	0.001293	0.095697	1.170746	-0.065681	7.128636
08389	0.049884	0.116059	9.583514	0.000503	0.001153	0.095835	1.171902	-0.068644	7.135970
08390	0.059849	0.117289	9.561618	0.000603	0.001165	0.095616	1.177818	-0.065755	7.139843
08391	0.038296	0.110867	9.551420	0.000387	0.001102	0.095514	1.179890	-0.065131	7.144195
08392	0.037593	0.112094	9.551409	0.000379	0.001115	0.095514	1.183815	-0.063238	7.146988
08393	0.089249	0.129001	9.549885	0.000896	0.001281	0.095499	1.184804	-0.059612	7.145416
08394	0.026256	0.107091	9.519312	0.000266	0.001065	0.095193	1.188885	-0.057709	7.145662
08395	0.067089	0.123966	9.539673	0.000675	0.001233	0.095397	1.187577	-0.059206	7.147375
08396	0.051502	0.102654	9.587110	0.000519	0.001020	0.095871	1.192229	-0.055912	7.149005
08397	0.043719	0.127150	9.583403	0.000442	0.001264	0.095834	1.194897	-0.056058	7.155091
08398	0.049688	0.105574	9.587087	0.000502	0.001048	0.095871	1.201742	-0.052386	7.158514
08399	0.060804	0.098398	9.511261	0.000610	0.000978	0.095113	1.204619	-0.056120	7.164282
08400	0.045498	0.154396	9.557771	0.000459	0.001537	0.095578	1.210451	-0.052674	7.166197
08401	0.058454	0.109725	9.565175	0.000588	0.001089	0.095652	1.216042	-0.055085	7.175509
08402	0.040962	0.126177	9.529384	0.000413	0.001256	0.095294	1.220074	-0.053263	7.177052
08403	0.029337	0.127874	9.551239	0.000298	0.001270	0.095512	1.223109	-0.053836	7.181333
08404	0.049249	0.137176	9.561413	0.000496	0.001365	0.095614	1.228010	-0.051235	7.183706
08405	0.034632	0.107646	9.554934	0.000350	0.001069	0.095549	1.231208	-0.053427	7.189847
08406	0.057742	0.148153	9.593440	0.000581	0.001475	0.095934	1.236397	-0.051463	7.191665
08407	0.044165	0.110240	9.533038	0.000445	0.001095	0.095330	1.240931	-0.051269	7.195688
08408	0.084849	0.127244	9.553412	0.000854	0.001267	0.095534	1.245048	-0.046850	7.199777
08409	0.034635	0.144437	9.583196	0.000350	0.001438	0.095832	1.253154	-0.049450	7.210637
08410	0.051678	0.122435	9.565060	0.000520	0.001217	0.095651	1.259483	-0.047299	7.214029
08411	0.040168	0.124306	9.586907	0.000405	0.001235	0.095869	1.266424	-0.043403	7.219446
08412	0.046331	0.102718	9.590647	0.000467	0.001020	0.095907	1.272627	-0.040608	7.222160
08413	0.049575	0.127035	9.565011	0.000499	0.001263	0.095650	1.279895	-0.042210	7.230146
08414	0.039048	0.120349	9.532938	0.000393	0.001197	0.095329	1.285562	-0.040846	7.231498
08415	0.059124	0.129603	9.543118	0.000595	0.001289	0.095431	1.294151	-0.035859	7.240355
08416	0.033624	0.100412	9.558540	0.000340	0.000997	0.095585	1.299612	-0.033841	7.242302
08417	0.057641	0.132231	9.543091	0.000581	0.001317	0.095431	1.309645	-0.022129	7.249022
08418	0.046039	0.134001	9.564934	0.000464	0.001331	0.095649	1.317661	-0.020217	7.252232
08419	0.052348	0.112479	9.568699	0.000526	0.001118	0.095687	1.332744	-0.002584	7.257415
08420	0.062504	0.113458	9.546830	0.000630	0.001128	0.095468	1.337722	0.001557	7.259888
08421	0.050861	0.115122	9.568675	0.000511	0.001144	0.095687	1.346545	0.011438	7.264796
08422	0.039318	0.117139	9.590513	0.000397	0.001162	0.095905	1.355730	0.014436	7.267648
08423	0.007037	0.111264	9.602152	0.000073	0.001106	0.096022	1.369423	0.031047	7.271531
08424	0.069604	0.127412	9.578830	0.000700	0.001268	0.095788	1.374775	0.034865	7.274779
08425	0.038072	0.112852	9.536565	0.000385	0.001120	0.095366	1.390767	0.056348	7.278237
08426	0.037258	0.114446	9.536550	0.000376	0.001137	0.095366	1.397827	0.059340	7.281923
08427	0.053320	0.101077	9.572401	0.000536	0.001003	0.095724	1.419717	0.083914	7.289427
08428	0.063519	0.102123	9.550541	0.000639	0.001015	0.095505	1.425650	0.087554	7.292226
08429	0.055845	0.126627	9.546706	0.000563	0.001259	0.095467	1.439271	0.109255	7.295259
08430	0.023453	0.120713	9.558336	0.000238	0.001199	0.095583	1.446899	0.112068	7.298491
08431	0.036786	0.153126	9.564687	0.000371	0.001524	0.095647	1.452016	0.120094	7.302417
08432	0.063638	0.139244	9.578707	0.000641	0.001385	0.095787	1.459058	0.124796	7.304836
08433	0.043132	0.124160	9.514596	0.000435	0.001235	0.095146	1.460604	0.126450	7.309719
08434	0.062232	0.141999	9.578675	0.000625	0.001413	0.095787	1.467332	0.129141	7.310182
08435	0.057482	0.120750	9.604351	0.000579	0.001200	0.096044	1.469144	0.130550	7.313312
08436	0.030111	0.128762	9.536392	0.000305	0.001281	0.095364	1.475048	0.135074	7.315471
08437	0.040229	0.129731	9.514535	0.000406	0.001290	0.095145	1.477026	0.135611	7.319376
08438	0.045385	0.116653	9.572265	0.000457	0.001160	0.095723	1.482508	0.138122	7.320838
08439	0.055605	0.117665	9.550411	0.000560	0.001168	0.095504	1.485568	0.139340	7.324446
08440	0.069699	0.141667	9.502848	0.000702	0.001408	0.095029	1.494874	0.144432	7.327391
08441	0.064826	0.120367	9.528544	0.000651	0.001199	0.095285	1.493417	0.144439	7.331805
08442	0.059066	0.107675	9.608126	0.000594	0.001069	0.096081	1.501265	0.147318	7.332530
08443	0.037582	0.101290	9.597907	0.000380	0.001007	0.095979	1.501646	0.148618	7.334786
08444	0.037867	0.093956	9.544018	0.000382	0.000932	0.095440	1.509016	0.152126	7.338599
08445	0.051169	0.126351	9.550325	0.000515	0.001257	0.095503	1.510332	0.151681	7.341956
08446	0.057278	0.104757	9.554202	0.000577	0.001039	0.095542	1.518662	0.155976	7.345336
08447	0.056494	0.106160	9.554191	0.000569	0.001056	0.095542	1.518126	0.156484	7.346820
08448	0.032415	0.145535	9.514336	0.000327	0.001447	0.095143	1.526869	0.158986	7.353550
08449	0.037563	0.132563	9.572092	0.000379	0.001321	0.095721	1.525570	0.158259	7.353125
08450	0.050402	0.087646	9.579894	0.000509	0.000868	0.095799	1.533616	0.163154	7.357071
08451	0.042678	0.112315	9.575972	0.000431	0.001116	0.095760	1.535034	0.164456	7.359677
08452	0.074703	0.112374	9.510475	0.000750	0.001116	0.095105	1.542657	0.167336	7.362927
08453	0.041171	0.115337	9.575942	0.000416	0.001146	0.095759	1.543302	0.168246	7.366239
08454	0.040400	0.116640	9.575930	0.000407	0.001161	0.095759	1.548470	0.171338	7.368268
08455	0.055750	0.131329	9.474476	0.000563	0.001305	0.094745	1.550498	0.173017	7.370014
08456	0.038696	0.119605	9.575900	0.000390	0.001188	0.095759	1.557829	0.176492	7.373826
08457	0.039250	0.112138	9.522026	0.000395	0.001115	0.095220	1.558171	0.173725	7.376891
08458	0.065043	0.107060	9.590025	0.000654	0.001063	0.095900	1.565326	0.177785	7.380010
08459	0.026898	0.115490	9.543819	0.000273	0.001147	0.095438	1.565005	0.175143	7.382968
08460	0.052476	0.110656	9.611821	0.000529	0.001098	0.096118	1.573275	0.179361	7.386345
08461	0.074721	0.102339	9.514316	0.000751	0.001016	0.095143	1.574049	0.174732	7.391724
08462	0.056296	0.127489	9.532165	0.000566	0.001267	0.095322	1.581344	0.178118	7.395536
08463	0.041480	0.097998	9.525897	0.000420	0.000973	0.095259	1.580234	0.177806	7.397360
08464	0.039470	0.108484	9.579732	0.000398	0.001076	0.095797	1.588943	0.181328	7.397644
08465	0.039922	0.101109	9.525871	0.000403	0.001005	0.095259	1.584470	0.174504	7.400271
08466	0.038027	0.111423	9.579704	0.000384	0.001107	0.095797	1.591527	0.178413	7.403367
08467	0.086658	0.096454	9.550262	0.000870	0.000958	0.095503	1.585703	0.171444	7.402023
08468	0.029682	0.137340	9.575694	0.000301	0.001366	0.095757	1.592606	0.175304	7.406363
08469	0.064372	0.091495	9.540027	0.000647	0.000907	0.095400	1.587405	0.169493	7.405712
08470	0.049082	0.148132	9.585875	0.000493	0.001474	0.095859	1.593836	0.171293	7.409335
08471	0.034386	0.118506	9.579633	0.000349	0.001179	0.095796	1.584597	0.166185	7.404965
08472	0.051252	0.096291	9.561809	0.000516	0.000954	0.095618	1.592674	0.169532	7.410211
08473	0.075475	0.128289	9.546205	0.000758	0.001275	0.095462	1.584652	0.157278	7.408126
08474	0.043073	0.122557	9.557776	0.000434	0.001218	0.095578	1.591619	0.160330	7.411823
08475	0.052164	0.132401	9.589787	0.000525	0.001317	0.095898	1.584227	0.151561	7.410160
08476	0.021015	0.117600	9.547524	0.000213	0.001168	0.095475	1.591404	0.153934	7.413270
08477	0.055092	0.157935	9.563928	0.000554	0.001572	0.095639	1.588677	0.153614	7.410928
08478	0.067944	0.112946	9.571958	0.000682	0.001125	0.095720	1.592143	0.156025	7.413801
08479	0.046384	0.106392	9.561726	0.000469	0.001056	0.095617	1.585355	0.151947	7.410572
08480	0.045632	0.107901	9.561713	0.000459	0.001072	0.095617	1.591462	0.153478	7.414074
08481	0.049174	0.131840	9.535865	0.000496	0.001311	0.095359	1.587541	0.147465	7.415020
08482	0.044161	0.110730	9.561688	0.000445	0.001101	0.095617	1.593264	0.150139	7.417116
08483	0.043426	0.112144	9.561675	0.000438	0.001114	0.095617	1.593069	0.147028	7.420422
08484	0.064646	0.112320	9.518067	0.000650	0.001117	0.095181	1.598673	0.149685	7.423776
08485	0.041966	0.114859	9.561649	0.000424	0.001142	0.095617	1.593743	0.146840	7.422405
08486	0.041176	0.116241	9.561636	0.000416	0.001155	0.095616	1.600165	0.150273	7.426570
08487	0.044734	0.140137	9.535768	0.000450	0.001395	0.095358	1.599588	0.147499	7.431148
08488	0.046611	0.095781	9.565670	0.000469	0.000952	0.095657	1.604006	0.149923	7.434225
08489	0.070799	0.127583	9.550027	0.000713	0.001267	0.095500	1.607191	0.151044	7.437240
08490	0.024236	0.091110	9.555419	0.000246	0.000903	0.095554	1.613970	0.153827	7.439580
08491	0.065024	0.108225	9.575862	0.000654	0.001076	0.095759	1.613692	0.155842	7.440059
08492	0.054544	0.101153	9.543833	0.000549	0.001004	0.095438	1.620185	0.159249	7.442959
08493	0.040344	0.148881	9.535655	0.000407	0.001481	0.095357	1.621908	0.159330	7.445672
08494	0.046385	0.127192	9.539723	0.000467	0.001265	0.095397	1.627436	0.161945	7.449009
08495	0.051107	0.114628	9.597602	0.000515	0.001139	0.095976	1.628169	0.162397	7.452951
08496	0.040604	0.107741	9.565570	0.000410	0.001069	0.095656	1.636262	0.165346	7.453029
08497	0.033200	0.132279	9.561458	0.000335	0.001317	0.095615	1.636004	0.163362	7.460427
08498	0.050155	0.109671	9.543763	0.000506	0.001090	0.095438	1.641079	0.167169	7.463635
08499	0.042706	0.134181	9.539644	0.000430	0.001334	0.095397	1.644652	0.168257	7.468123
08500	0.051735	0.144217	9.571639	0.000521	0.001435	0.095716	1.651139	0.171648	7.471035
08501	0.068649	0.121907	9.553955	0.000690	0.001212	0.095540	1.652883	0.171928	7.474802
08502	0.056991	0.124134	9.575720	0.000572	0.001233	0.095757	1.660085	0.173489	7.477288
08503	0.028819	0.140826	9.561350	0.000293	0.001402	0.095614	1.663486	0.174465	7.481945
08504	0.013865	0.111100	9.555228	0.000143	0.001105	0.095552	1.668375	0.178293	7.487696
08505	0.065451	0.127417	9.553905	0.000659	0.001267	0.095539	1.671650	0.182646	7.491261
08506	0.050688	0.097885	9.547791	0.000510	0.000972	0.095478	1.677577	0.184627	7.492808
08507	0.042002	0.131680	9.597427	0.000424	0.001309	0.095974	1.680427	0.186600	7.497075
08508	0.052232	0.132363	9.575637	0.000526	0.001317	0.095756	1.685811	0.189810	7.499754
08509	0.030764	0.125924	9.565385	0.000311	0.001252	0.095654	1.686710	0.193982	7.502011
08510	0.026962	0.095644	9.537510	0.000274	0.000950	0.095375	1.691915	0.197815	7.503989
08511	0.046957	0.104894	9.547735	0.000473	0.001041	0.095477	1.697386	0.199245	7.510056
08512	0.067034	0.114266	9.557959	0.000674	0.001135	0.095580	1.704079	0.202077	7.513703
08513	0.098002	0.122755	9.546417	0.000984	0.001221	0.095464	1.707103	0.205982	7.519511
08514	0.028392	0.123730	9.511525	0.000287	0.001230	0.095115	1.714083	0.208216	7.522605
08515	0.053773	0.119294	9.579690	0.000542	0.001186	0.095797	1.719352	0.222292	7.525130
08516	0.032289	0.112947	9.569436	0.000326	0.001122	0.095694	1.726077	0.225219	7.528794
08517	0.031602	0.114373	9.569421	0.000319	0.001137	0.095694	1.727438	0.232891	7.530842
08518	0.032209	0.106441	9.515637	0.000326	0.001057	0.095156	1.733993	0.236461	7.533809
08519	0.060582	0.133745	9.611635	0.000609	0.001330	0.096116	1.729248	0.244768	7.532047
08520	0.061289	0.125818	9.557853	0.000616	0.001252	0.095579	1.734693	0.247616	7.536687
08521	0.025683	0.088586	9.541549	0.000262	0.000877	0.095416	1.733761	0.256980	7.537083
08522	0.049915	0.120328	9.525819	0.000503	0.001197	0.095258	1.739107	0.260458	7.539750
08523	0.033828	0.100086	9.573528	0.000341	0.000994	0.095735	1.733455	0.269180	7.539576
08524	0.030853	0.146949	9.543344	0.000313	0.001462	0.095434	1.739885	0.272900	7.542482
08525	0.043433	0.102237	9.551744	0.000438	0.001015	0.095518	1.730628	0.274320	7.543173
08526	0.056712	0.134582	9.557761	0.000571	0.001340	0.095578	1.735688	0.278456	7.545088
08527	0.056011	0.135801	9.557748	0.000563	0.001352	0.095578	1.729275	0.274755	7.550568
08528	0.041195	0.106351	9.551709	0.000417	0.001054	0.095517	1.737680	0.279436	7.553254
08529	0.061097	0.115758	9.561940	0.000614	0.001151	0.095619	1.735027	0.280420	7.558165
08530	0.033076	0.132442	9.547451	0.000334	0.001317	0.095475	1.741764	0.282917	7.561154
08531	0.048746	0.119513	9.583664	0.000491	0.001188	0.095837	1.741411	0.280868	7.565553
08532	0.027278	0.113059	9.573404	0.000277	0.001124	0.095734	1.746456	0.284386	7.569403
08533	0.058324	0.121494	9.561886	0.000587	0.001207	0.095619	1.747393	0.284353	7.572217
08534	0.036715	0.115300	9.551624	0.000372	0.001144	0.095516	1.755476	0.289628	7.575458
08535	0.056617	0.124707	9.561855	0.000569	0.001240	0.095619	1.755314	0.288854	7.579930
08536	0.062509	0.103103	9.566095	0.000630	0.001023	0.095661	1.762637	0.293309	7.581087
08537	0.027718	0.142857	9.547318	0.000280	0.001423	0.095473	1.761197	0.292969	7.584643
08538	0.072170	0.105005	9.544330	0.000725	0.001042	0.095443	1.767891	0.295437	7.587634
08539	0.044127	0.121687	9.529803	0.000445	0.001210	0.095298	1.767430	0.295837	7.589460
08540	0.053096	0.131799	9.561780	0.000534	0.001310	0.095618	1.774116	0.298300	7.592451
08541	0.047940	0.111146	9.587779	0.000484	0.001103	0.095878	1.775806	0.299105	7.596075
08542	0.048443	0.103131	9.534034	0.000489	0.001024	0.095340	1.781492	0.304003	7.600055
08543	0.057398	0.113236	9.566013	0.000576	0.001125	0.095660	1.781791	0.301995	7.603454
08544	0.067861	0.113739	9.544261	0.000683	0.001131	0.095443	1.786823	0.306058	7.604092
08545	0.035258	0.108223	9.555736	0.000356	0.001074	0.095557	1.788434	0.306277	7.609631
08546	0.055256	0.117668	9.565972	0.000556	0.001169	0.095660	1.794922	0.309327	7.611928
08547	0.054556	0.119191	9.565957	0.000549	0.001184	0.095660	1.795780	0.309142	7.614938
08548	0.053870	0.120610	9.565943	0.000542	0.001200	0.095659	1.801027	0.312014	7.618234
08549	0.053131	0.122006	9.565930	0.000535	0.001213	0.095659	1.801421	0.312615	7.621588
08550	0.069985	0.099487	9.548495	0.000704	0.000988	0.095485	1.807449	0.316867	7.623751
08551	0.030944	0.116976	9.555648	0.000311	0.001163	0.095557	1.806573	0.314798	7.625556
08552	0.051146	0.126211	9.565886	0.000515	0.001255	0.095659	1.812928	0.317851	7.629116
08553	0.068145	0.103722	9.548463	0.000685	0.001030	0.095485	1.813490	0.318089	7.633115
08554	0.067407	0.105113	9.548453	0.000678	0.001045	0.095485	1.818540	0.321550	7.635715
08555	0.048963	0.130504	9.565840	0.000493	0.001298	0.095658	1.819740	0.323031	7.639699
08556	0.051819	0.076945	9.542512	0.000522	0.000763	0.095425	1.824784	0.326496	7.642302
08557	0.055588	0.100435	9.516440	0.000559	0.000998	0.095164	1.824078	0.327478	7.645618
08558	0.064456	0.110687	9.548411	0.000649	0.001098	0.095484	1.831470	0.331306	7.647485
08559	0.052652	0.113111	9.570122	0.000529	0.001124	0.095701	1.830417	0.333540	7.650186
08560	0.042318	0.105651	9.538130	0.000427	0.001050	0.095381	1.835375	0.337603	7.650830
08561	0.062232	0.114974	9.548375	0.000626	0.001141	0.095484	1.834974	0.338992	7.654389
08562	0.061592	0.116391	9.548362	0.000619	0.001158	0.095484	1.839292	0.341075	7.656861
08563	0.038705	0.119573	9.591791	0.000391	0.001188	0.095918	1.837644	0.345498	7.656765
08564	0.060152	0.119289	9.548335	0.000605	0.001184	0.095483	1.845047	0.348774	7.660577
08565	0.048290	0.121722	9.570039	0.000487	0.001211	0.095700	1.841385	0.353340	7.657910
08566	0.038052	0.114367	9.538047	0.000383	0.001136	0.095381	1.848079	0.355235	7.661590
08567	0.037396	0.115878	9.538032	0.000378	0.001152	0.095380	1.844882	0.363576	7.659171
08568	0.078102	0.132869	9.558539	0.000784	0.001323	0.095585	1.848856	0.366345	7.662179
08569	0.034244	0.128352	9.591694	0.000348	0.001275	0.095917	1.843144	0.370048	7.661340
08570	0.055562	0.127967	9.548250	0.000559	0.001273	0.095483	1.848300	0.372989	7.663331
08571	0.054929	0.129403	9.548235	0.000552	0.001286	0.095482	1.843482	0.375596	7.661006
08572	0.043156	0.131902	9.569929	0.000435	0.001311	0.095699	1.849726	0.378738	7.663244
08573	0.053527	0.132416	9.548201	0.000539	0.001317	0.095482	1.844287	0.384367	7.660309
08574	0.030468	0.135829	9.591604	0.000309	0.001351	0.095916	1.850220	0.388145	7.663092
08575	0.058572	0.112370	9.552579	0.000589	0.001115	0.095526	1.845038	0.393185	7.659766
08576	0.068950	0.112878	9.530859	0.000694	0.001122	0.095309	1.849738	0.397380	7.660309
08577	0.056920	0.115306	9.552554	0.000574	0.001145	0.095526	1.844674	0.397511	7.660451
08578	0.035405	0.108922	9.542276	0.000357	0.001083	0.095423	1.849670	0.400501	7.662379
08579	0.050859	0.096091	9.578660	0.000512	0.000953	0.095787	1.840736	0.399014	7.661212
08580	0.034029	0.111737	9.542248	0.000344	0.001111	0.095423	1.845572	0.402011	7.664377
08581	0.033343	0.113149	9.542234	0.000337	0.001124	0.095422	1.835052	0.401341	7.659554
08582	0.071102	0.098430	9.535223	0.000714	0.000977	0.095352	1.841222	0.403904	7.662394
08583	0.070396	0.099921	9.535213	0.000708	0.000992	0.095352	1.837198	0.408618	7.662018
08584	0.051941	0.125500	9.552454	0.000523	0.001248	0.095525	1.843064	0.411812	7.665407
08585	0.046546	0.104898	9.578589	0.000470	0.001042	0.095786	1.835469	0.416263	7.661256
08586	0.039193	0.129474	9.574120	0.000395	0.001287	0.095741	1.841394	0.419452	7.663366
08587	0.049541	0.129927	9.552408	0.000500	0.001292	0.095524	1.841534	0.422488	7.666362
08588	0.055268	0.108397	9.556855	0.000556	0.001076	0.095569	1.848469	0.425887	7.669995
08589	0.048001	0.133077	9.552372	0.000484	0.001323	0.095524	1.846860	0.430330	7.669119
08590	0.035994	0.135565	9.574048	0.000365	0.001349	0.095741	1.852043	0.435370	7.671645
08591	0.048407	0.090714	9.582986	0.000486	0.000901	0.095830	1.845996	0.432867	7.669758
08592	0.042932	0.105313	9.524842	0.000433	0.001045	0.095248	1.852774	0.436298	7.674634
08593	0.058217	0.092598	9.561275	0.000586	0.000920	0.095613	1.849036	0.437678	7.672296
08594	0.050723	0.117097	9.556778	0.000512	0.001163	0.095568	1.855078	0.442936	7.677586
08595	0.043214	0.141679	9.552271	0.000437	0.001410	0.095523	1.850960	0.446969	7.674543
08596	0.060071	0.118873	9.535066	0.000605	0.001182	0.095351	1.855273	0.450631	7.678182
08597	0.020881	0.136538	9.541964	0.000213	0.001358	0.095420	1.852368	0.451654	7.680876
08598	0.036210	0.123766	9.578409	0.000365	0.001231	0.095784	1.856931	0.454699	7.683950
08599	0.056172	0.133005	9.588669	0.000566	0.001323	0.095887	1.856174	0.454689	7.689675
08600	0.056950	0.124431	9.535015	0.000574	0.001237	0.095350	1.861512	0.459108	7.691613
08601	0.067328	0.124829	9.513319	0.000677	0.001241	0.095133	1.865126	0.457545	7.698604
08602	0.050654	0.105377	9.561186	0.000512	0.001047	0.095612	1.870196	0.462569	7.701113
08603	0.059329	0.115785	9.593130	0.000597	0.001150	0.095931	1.878823	0.462261	7.713674
08604	0.037870	0.109421	9.582839	0.000383	0.001087	0.095828	1.884362	0.466067	7.716348
08605	0.041847	0.132822	9.556615	0.000421	0.001321	0.095566	1.883518	0.469678	7.719066
08606	0.047596	0.111328	9.561134	0.000481	0.001104	0.095611	1.891230	0.474452	7.720306
08607	0.085244	0.096491	9.554268	0.000855	0.000959	0.095543	1.893245	0.474705	7.728037
08608	0.039832	0.137189	9.556562	0.000401	0.001365	0.095566	1.898268	0.476533	7.731304
08609	0.063314	0.091494	9.543970	0.000638	0.000906	0.095440	1.902411	0.474128	7.740617
08610	0.054336	0.126160	9.593029	0.000547	0.001256	0.095930	1.905977	0.476942	7.742233
08611	0.029888	0.087625	9.555342	0.000303	0.000868	0.095553	1.910616	0.482747	7.750083
08612	0.016078	0.135264	9.546207	0.000165	0.001346	0.095462	1.915038	0.486381	7.752530
08613	0.069690	0.106179	9.575883	0.000701	0.001055	0.095759	1.912524	0.488883	7.757076
08614	0.073512	0.129663	9.549636	0.000740	0.001289	0.095496	1.919002	0.493492	7.759343
08615	0.067941	0.109253	9.575861	0.000683	0.001085	0.095759	1.925385	0.499625	7.771263
08616	0.039986	0.125946	9.560988	0.000403	0.001252	0.095610	1.931095	0.502874	7.774686
08617	0.025187	0.096435	9.555270	0.000254	0.000957	0.095553	1.939209	0.505795	7.787883
08618	0.038738	0.128594	9.560958	0.000392	0.001281	0.095610	1.942264	0.509900	7.790665
08619	0.044502	0.106803	9.565533	0.000448	0.001060	0.095655	1.954144	0.517918	7.804254
08620	0.048629	0.130160	9.539265	0.000489	0.001295	0.095393	1.958970	0.520434	7.808169
08621	0.043150	0.109708	9.565506	0.000436	0.001089	0.095655	1.973450	0.516017	7.828572
08622	0.047099	0.133183	9.539231	0.000474	0.001324	0.095392	1.979448	0.518688	7.832789
08623	0.041669	0.112773	9.565477	0.000421	0.001120	0.095655	2.006381	0.532425	7.857152
08624	0.072857	0.120758	9.554094	0.000732	0.001202	0.095541	2.010078	0.535373	7.860214
08625	0.043252	0.147696	9.592778	0.000436	0.001468	0.095928	2.026945	0.541727	7.876750
08626	0.050653	0.115856	9.543781	0.000511	0.001153	0.095438	2.030467	0.545874	7.877194
08627	0.029192	0.109290	9.533481	0.000295	0.001085	0.095335	2.046179	0.556666	7.891949
08628	0.058717	0.127722	9.575694	0.000590	0.001270	0.095757	2.052398	0.559452	7.896313
08629	0.037308	0.121340	9.565390	0.000377	0.001206	0.095654	2.086796	0.558757	7.930413
08630	0.068396	0.129537	9.554012	0.000688	0.001287	0.095540	2.093834	0.562930	7.934991
08631	0.053356	0.100044	9.548347	0.000537	0.000994	0.095484	2.129601	0.569211	7.970094
08632	0.046154	0.124507	9.543695	0.000465	0.001238	0.095437	2.135940	0.572603	7.973946
08633	0.040809	0.104092	9.569971	0.000410	0.001034	0.095700	2.168260	0.575618	8.006832
08634	0.044891	0.127373	9.543663	0.000453	0.001267	0.095437	2.174289	0.580237	8.010633
08635	0.050541	0.105743	9.548301	0.000509	0.001050	0.095483	2.203772	0.578313	8.044137
08636	0.049850	0.107137	9.548289	0.000502	0.001065	0.095483	2.209234	0.581520	8.047894
08637	0.049158	0.108531	9.548277	0.000495	0.001078	0.095483	2.260799	0.567113	8.099804
08638	0.048491	0.110145	9.548262	0.000488	0.001093	0.095483	2.269087	0.569995	8.102405
08639	0.047792	0.111652	9.548248	0.000482	0.001110	0.095483	2.304600	0.535479	8.137587
08640	0.035850	0.114090	9.569877	0.000362	0.001135	0.095699	2.309291	0.538283	8.141325
08641	0.067104	0.122012	9.558518	0.000675	0.001213	0.095585	2.336642	0.507636	8.175410
08642	0.040912	0.093817	9.574529	0.000413	0.000931	0.095745	2.343782	0.510665	8.178497
08643	0.065698	0.125006	9.558489	0.000661	0.001243	0.095585	2.353932	0.493956	8.197467
08644	0.039548	0.096833	9.574504	0.000399	0.000961	0.095745	2.361267	0.496312	8.201287
08645	0.054938	0.118897	9.526529	0.000553	0.001182	0.095265	2.357758	0.473510	8.200556
08646	0.070121	0.106445	9.563139	0.000705	0.001057	0.095631	2.364902	0.476369	8.203682
08647	0.042258	0.123048	9.548134	0.000426	0.001224	0.095481	2.361597	0.466358	8.206443
08648	0.068558	0.109087	9.563121	0.000690	0.001085	0.095631	2.367055	0.470214	8.210434
08649	0.047041	0.102764	9.552813	0.000474	0.001018	0.095528	2.363754	0.467121	8.211984
08650	0.039829	0.127510	9.548086	0.000402	0.001268	0.095481	2.370680	0.470518	8.214413
08651	0.066163	0.113677	9.563084	0.000665	0.001130	0.095631	2.366658	0.468713	8.218433
08652	0.059015	0.138040	9.558353	0.000594	0.001374	0.095584	2.372500	0.471327	8.222556
08653	0.047073	0.140739	9.579963	0.000474	0.001400	0.095800	2.370552	0.469956	8.227069
08654	0.043513	0.110067	9.552749	0.000437	0.001093	0.095528	2.378315	0.470904	8.229775
08655	0.045691	0.143960	9.579922	0.000463	0.001431	0.095799	2.376908	0.473337	8.235814
08656	0.073666	0.119661	9.541398	0.000740	0.001191	0.095414	2.381593	0.475752	8.239680
08657	0.068143	0.099195	9.567749	0.000685	0.000985	0.095678	2.379298	0.474594	8.245241
08658	0.040352	0.115804	9.552695	0.000407	0.001151	0.095527	2.385190	0.477172	8.248115
08659	0.060306	0.125062	9.562981	0.000607	0.001243	0.095630	2.382429	0.476606	8.252840
08660	0.050075	0.117319	9.531048	0.000505	0.001166	0.095311	2.389036	0.479987	8.257797
08661	0.058741	0.127983	9.562952	0.000591	0.001272	0.095630	2.386876	0.478810	8.262235
08662	0.057985	0.129455	9.562937	0.000584	0.001287	0.095629	2.393463	0.482184	8.267195
08663	0.063563	0.107924	9.567686	0.000640	0.001071	0.095677	2.392173	0.482277	8.272515
08664	0.062810	0.109407	9.567675	0.000631	0.001087	0.095677	2.398007	0.484834	8.275397
08665	0.062101	0.110891	9.567662	0.000625	0.001101	0.095677	2.396060	0.483417	8.282288
08666	0.034260	0.127566	9.552569	0.000346	0.001269	0.095526	2.401709	0.486564	8.284475
08667	0.028657	0.107144	9.578946	0.000290	0.001065	0.095790	2.397848	0.485622	8.289537
08668	0.059950	0.114969	9.567628	0.000603	0.001143	0.095676	2.403640	0.488163	8.292424
08669	0.067580	0.082734	9.518882	0.000679	0.000820	0.095189	2.401418	0.486831	8.297486
08670	0.042684	0.131876	9.530894	0.000432	0.001310	0.095309	2.409829	0.491746	8.301587
08671	0.036868	0.111685	9.557280	0.000373	0.001110	0.095573	2.405284	0.490756	8.306014
08672	0.036116	0.113167	9.557266	0.000365	0.001123	0.095573	2.413267	0.493651	8.309431
08673	0.044708	0.123873	9.589162	0.000451	0.001233	0.095892	2.409115	0.493592	8.314846
08674	0.045833	0.114528	9.535636	0.000462	0.001139	0.095356	2.414956	0.496098	8.316484
08675	0.065903	0.123738	9.545930	0.000662	0.001231	0.095459	2.411108	0.493660	8.321339
08676	0.039671	0.095607	9.562026	0.000400	0.000949	0.095620	2.417934	0.496356	8.324500
08677	0.032536	0.120146	9.557194	0.000329	0.001194	0.095572	2.414134	0.495932	8.330372
08678	0.043003	0.120279	9.535579	0.000434	0.001195	0.095356	2.421668	0.499433	8.335614
08679	0.058059	0.107974	9.572299	0.000583	0.001073	0.095723	2.417354	0.499902	8.338234
08680	0.041551	0.123246	9.535547	0.000420	0.001225	0.095356	2.424701	0.504005	8.342780
08681	0.067683	0.109562	9.550679	0.000681	0.001088	0.095507	2.420915	0.503936	8.346525
08682	0.060564	0.134106	9.545826	0.000609	0.001333	0.095458	2.427835	0.506019	8.350388
08683	0.045614	0.104587	9.540345	0.000459	0.001039	0.095404	2.422981	0.504122	8.353848
08684	0.027161	0.130445	9.557075	0.000276	0.001297	0.095571	2.429275	0.508010	8.356877
08685	0.053347	0.116687	9.572224	0.000538	0.001160	0.095722	2.427051	0.508446	8.364246
08686	0.027451	0.122502	9.503550	0.000278	0.001219	0.095036	2.432377	0.511548	8.367715
08687	0.045611	0.142554	9.567336	0.000458	0.001417	0.095673	2.429309	0.508739	8.371538
08688	0.024285	0.136207	9.557003	0.000247	0.001355	0.095570	2.435563	0.512617	8.374573
08689	0.050601	0.122603	9.572165	0.000509	0.001217	0.095722	2.433186	0.509048	8.380638
08690	0.040516	0.114869	9.540249	0.000410	0.001142	0.095403	2.439416	0.512914	8.383675
08691	0.042728	0.148721	9.567255	0.000431	0.001480	0.095673	2.436747	0.513413	8.388269
08692	0.048427	0.127175	9.572116	0.000487	0.001264	0.095721	2.443558	0.515464	8.392147
08693	0.049732	0.117890	9.518621	0.000501	0.001172	0.095186	2.438065	0.515334	8.395244
08694	0.044054	0.097773	9.545077	0.000444	0.000970	0.095451	2.444683	0.517982	8.398421
08695	0.080182	0.127222	9.507328	0.000807	0.001265	0.095073	2.439727	0.517786	8.402920
08696	0.042364	0.100561	9.545056	0.000427	0.000999	0.095451	2.445206	0.520241	8.405836
08697	0.041580	0.101932	9.545045	0.000420	0.001012	0.095451	2.441246	0.519236	8.410690
08698	0.047113	0.080323	9.549939	0.000475	0.000796	0.095499	2.447705	0.521879	8.415129
08699	0.049365	0.114208	9.576913	0.000498	0.001135	0.095769	2.444455	0.522044	8.420977
08700	0.027930	0.107799	9.566581	0.000283	0.001071	0.095666	2.450894	0.524683	8.425420
08701	0.079857	0.123536	9.565631	0.000803	0.001228	0.095656	2.447643	0.523197	8.431222
08702	0.044131	0.086208	9.549902	0.000444	0.000854	0.095499	2.454336	0.525210	8.435111
08703	0.057809	0.118461	9.555286	0.000582	0.001179	0.095553	2.448774	0.524118	8.439124
08704	0.042709	0.088998	9.549883	0.000431	0.000881	0.095499	2.457399	0.527107	8.444101
08705	0.056221	0.121574	9.555257	0.000567	0.001209	0.095553	2.453066	0.525757	8.448846
08706	0.055432	0.122933	9.555244	0.000558	0.001223	0.095553	2.458326	0.528184	8.453039
08707	0.032054	0.127344	9.598362	0.000324	0.001266	0.095984	2.455465	0.526728	8.460321
08708	0.053999	0.125690	9.555216	0.000544	0.001251	0.095552	2.460544	0.529746	8.463820
08709	0.043883	0.117648	9.523317	0.000443	0.001169	0.095233	2.456271	0.525641	8.469653
08710	0.057560	0.149988	9.528671	0.000578	0.001493	0.095287	2.461876	0.527409	8.472040
08711	0.040480	0.131482	9.576733	0.000409	0.001307	0.095767	2.459660	0.525599	8.478685
08712	0.039695	0.133147	9.576713	0.000401	0.001323	0.095767	2.467197	0.528338	8.482160
08713	0.064689	0.164131	9.560491	0.000650	0.001634	0.095605	2.460201	0.524986	8.485391
08714	0.049740	0.134625	9.555118	0.000500	0.001339	0.095551	2.465915	0.526130	8.488479
08715	0.031444	0.160643	9.571684	0.000318	0.001599	0.095717	2.459104	0.526321	8.490368
08716	0.059696	0.136061	9.533526	0.000601	0.001352	0.095335	2.466575	0.529041	8.493836
08717	0.042570	0.117701	9.581601	0.000429	0.001169	0.095816	2.461664	0.530622	8.497207
08718	0.051159	0.128726	9.613463	0.000515	0.001279	0.096135	2.468995	0.533363	8.501932
08719	0.052418	0.119376	9.560015	0.000528	0.001186	0.095600	2.466420	0.533047	8.506954
08720	0.051677	0.120747	9.560001	0.000520	0.001202	0.095600	2.470394	0.535233	8.510896
08721	0.057294	0.098985	9.564988	0.000577	0.000982	0.095650	2.464334	0.533529	8.514871
08722	0.024552	0.094163	9.576200	0.000249	0.000934	0.095762	2.470616	0.536055	8.518080
08723	0.073530	0.077433	9.548423	0.000739	0.000766	0.095484	2.467606	0.533537	8.524193
08724	0.061401	0.080476	9.569964	0.000618	0.000799	0.095700	2.472365	0.536503	8.528958
08725	0.065740	0.103312	9.543396	0.000661	0.001026	0.095434	2.467119	0.534237	8.532406
08726	0.048561	0.085018	9.591493	0.000489	0.000842	0.095915	2.474350	0.536942	8.537139
08727	0.043594	0.098461	9.533044	0.000440	0.000978	0.095330	2.467727	0.535003	8.541480
08728	0.052146	0.109312	9.564905	0.000525	0.001086	0.095649	2.473819	0.537515	8.545952
08729	0.040059	0.112390	9.586433	0.000404	0.001117	0.095864	2.467608	0.534073	8.550473
08730	0.044421	0.135219	9.559844	0.000448	0.001346	0.095599	2.472512	0.536967	8.552726
08731	0.082008	0.119826	9.553657	0.000824	0.001191	0.095537	2.468602	0.533479	8.560805
08732	0.063649	0.145972	9.570140	0.000640	0.001452	0.095701	2.474757	0.535944	8.564025
08733	0.032914	0.129950	9.527925	0.000333	0.001293	0.095279	2.469961	0.535383	8.569555
08734	0.044674	0.085218	9.538011	0.000450	0.000845	0.095380	2.476097	0.537841	8.572781
08735	0.029271	0.143911	9.581293	0.000297	0.001432	0.095813	2.470749	0.536757	8.579114
08736	0.066830	0.128576	9.575131	0.000672	0.001278	0.095751	2.476745	0.539226	8.583599
08737	0.045347	0.122242	9.564783	0.000458	0.001214	0.095648	2.472826	0.538064	8.587793
08738	0.071458	0.108637	9.580168	0.000718	0.001079	0.095802	2.478799	0.540523	8.592281
08739	0.055113	0.123591	9.543222	0.000556	0.001229	0.095432	2.472576	0.539779	8.597249
08740	0.060515	0.101967	9.548284	0.000609	0.001012	0.095483	2.478361	0.542827	8.601039
08741	0.042050	0.128098	9.564721	0.000425	0.001274	0.095647	2.475128	0.541377	8.610463
08742	0.047500	0.106502	9.569789	0.000479	0.001058	0.095698	2.481010	0.544395	8.613005
08743	0.040471	0.130812	9.564691	0.000408	0.001303	0.095647	2.472083	0.543535	8.616889
08744	0.078046	0.115363	9.558579	0.000784	0.001145	0.095586	2.479207	0.546133	8.620392
08745	0.029739	0.124307	9.532796	0.000301	0.001235	0.095328	2.475246	0.541624	8.626245
08746	0.065199	0.120182	9.580074	0.000655	0.001195	0.095801	2.479894	0.543880	8.631739
08747	0.069613	0.142909	9.553438	0.000700	0.001422	0.095534	2.471685	0.541104	8.634052
08748	0.031691	0.116723	9.591230	0.000320	0.001161	0.095912	2.476689	0.542709	8.637731
08749	0.042473	0.116357	9.569698	0.000428	0.001157	0.095697	2.473070	0.536716	8.647976
08750	0.073888	0.124058	9.558504	0.000742	0.001232	0.095585	2.480278	0.538666	8.652190
08751	0.048447	0.129420	9.489660	0.000488	0.001288	0.094897	2.471991	0.536942	8.655535
08752	0.035273	0.099491	9.596289	0.000355	0.000986	0.095963	2.479328	0.538286	8.660448
08753	0.030516	0.112641	9.537782	0.000309	0.001121	0.095378	2.470909	0.538086	8.663162
08754	0.059633	0.131476	9.579962	0.000600	0.001306	0.095800	2.477785	0.540639	8.667932
08755	0.055893	0.100405	9.553228	0.000562	0.000997	0.095532	2.473251	0.539704	8.674985
08756	0.028300	0.117035	9.537736	0.000286	0.001163	0.095377	2.479110	0.542048	8.678241
08757	0.027649	0.118539	9.537720	0.000280	0.001178	0.095377	2.474684	0.537101	8.685252
08758	0.036115	0.129698	9.569552	0.000366	0.001289	0.095696	2.481079	0.540848	8.689886
08759	0.052923	0.106279	9.553181	0.000533	0.001057	0.095532	2.472384	0.535072	8.691901
08760	0.031616	0.099903	9.542825	0.000319	0.000989	0.095428	2.480845	0.536530	8.695834
08761	0.060882	0.119015	9.585000	0.000612	0.001184	0.095850	2.471500	0.534131	8.698323
08762	0.057050	0.087487	9.558307	0.000575	0.000870	0.095583	2.474348	0.537898	8.701468
08763	0.044843	0.090486	9.579802	0.000451	0.000897	0.095798	2.470875	0.533117	8.709325
08764	0.076358	0.098260	9.568631	0.000766	0.000974	0.095686	2.478058	0.534390	8.714257
08765	0.048783	0.114886	9.553103	0.000492	0.001143	0.095531	2.468519	0.530993	8.715298
08766	0.068592	0.124221	9.563435	0.000690	0.001234	0.095634	2.475193	0.534039	8.718124
08767	0.021364	0.088553	9.569412	0.000216	0.000880	0.095694	2.464498	0.527526	8.719648
08768	0.052725	0.095953	9.558250	0.000532	0.000953	0.095583	2.469520	0.531035	8.725275
08769	0.045714	0.120432	9.553050	0.000461	0.001197	0.095531	2.464989	0.527608	8.730124
08770	0.077129	0.127959	9.541887	0.000775	0.001273	0.095419	2.469431	0.529685	8.734385
08771	0.059702	0.109824	9.590060	0.000601	0.001091	0.095901	2.463141	0.527664	8.738703
08772	0.054929	0.122864	9.531514	0.000553	0.001221	0.095315	2.468507	0.530509	8.742527
08773	0.013586	0.152661	9.590768	0.000140	0.001519	0.095908	2.462071	0.527803	8.749048
08774	0.062657	0.135548	9.563322	0.000629	0.001347	0.095633	2.469228	0.528985	8.752729
08775	0.062006	0.137052	9.563305	0.000624	0.001364	0.095633	2.462450	0.528184	8.757840
08776	0.029159	0.132311	9.574428	0.000295	0.001316	0.095744	2.467924	0.530416	8.762371
08777	0.039922	0.131907	9.552925	0.000403	0.001313	0.095529	2.460926	0.527857	8.767032
08778	0.066074	0.118157	9.568483	0.000664	0.001174	0.095685	2.466375	0.530080	8.771566
08779	0.059168	0.142760	9.563239	0.000595	0.001419	0.095632	2.462004	0.527706	8.777499
08780	0.076055	0.119389	9.546972	0.000764	0.001188	0.095470	2.466163	0.530333	8.781074
08781	0.037123	0.137730	9.552854	0.000374	0.001370	0.095529	2.460872	0.526565	8.788038
08782	0.048887	0.093080	9.563318	0.000492	0.000924	0.095633	2.465165	0.528587	8.792318
08783	0.030597	0.119432	9.579541	0.000309	0.001186	0.095796	2.460958	0.525471	8.797741
08784	0.029927	0.121031	9.579523	0.000303	0.001203	0.095795	2.466334	0.527665	8.802286
08785	0.067547	0.105381	9.573635	0.000679	0.001048	0.095736	2.458589	0.524506	8.806249
08786	0.039968	0.121980	9.558015	0.000404	0.001211	0.095580	2.465877	0.527676	8.811875
08787	0.036156	0.090847	9.531431	0.000365	0.000901	0.095314	2.460002	0.524913	8.818832
08788	0.062238	0.077087	9.547039	0.000626	0.000764	0.095470	2.464182	0.527475	8.821166
08789	0.043865	0.103328	9.563237	0.000442	0.001026	0.095632	2.458211	0.524706	8.828059
08790	0.057699	0.135756	9.568304	0.000580	0.001350	0.095683	2.463907	0.526226	8.830807
08791	0.048560	0.083234	9.568488	0.000491	0.000826	0.095685	2.457817	0.525303	8.840627
08792	0.032372	0.097824	9.531376	0.000327	0.000972	0.095314	2.462109	0.527250	8.843673
08793	0.034711	0.132012	9.557903	0.000351	0.001313	0.095579	2.457033	0.523847	8.849674
08794	0.072290	0.116501	9.552061	0.000727	0.001158	0.095521	2.462170	0.526016	8.855497
08795	0.034072	0.090748	9.589918	0.000345	0.000900	0.095899	2.454844	0.523043	8.860140
08796	0.082297	0.117532	9.530572	0.000826	0.001168	0.095306	2.460229	0.524580	8.865412
08797	0.043255	0.135967	9.536367	0.000437	0.001353	0.095364	2.452785	0.523377	8.870583
08798	0.093570	0.118750	9.620958	0.000941	0.001181	0.096210	2.457396	0.527309	8.874301
08799	0.041495	0.138782	9.536334	0.000418	0.001380	0.095363	2.451266	0.521436	8.882116
08800	0.035411	0.119003	9.563089	0.000359	0.001184	0.095631	2.454903	0.524574	8.886279
08801	0.051421	0.139767	9.514840	0.000518	0.001389	0.095149	2.453129	0.521151	8.898120
08802	0.054514	0.130006	9.573415	0.000548	0.001293	0.095734	2.457420	0.523009	8.899933
08803	0.044627	0.121592	9.541585	0.000450	0.001209	0.095416	2.449938	0.518005	8.905929
08804	0.037735	0.146064	9.536241	0.000381	0.001453	0.095363	2.455067	0.520080	8.910516
08805	0.058398	0.111277	9.578701	0.000588	0.001106	0.095787	2.449341	0.516533	8.918627
08806	0.051575	0.135684	9.573353	0.000519	0.001350	0.095734	2.453619	0.517792	8.922407
08807	0.024748	0.108107	9.589767	0.000253	0.001073	0.095898	2.447939	0.513535	8.932494
08808	0.034716	0.151860	9.536162	0.000350	0.001511	0.095362	2.453574	0.514335	8.935989
08809	0.066916	0.115205	9.557200	0.000674	0.001145	0.095572	2.446955	0.512747	8.942021
08810	0.053910	0.162694	9.546483	0.000542	0.001620	0.095465	2.452169	0.514186	8.947328
08811	0.059320	0.141124	9.551819	0.000597	0.001404	0.095518	2.443225	0.511016	8.951862
08812	0.070064	0.140626	9.530357	0.000704	0.001399	0.095304	2.448251	0.513037	8.956463
08813	0.040918	0.124779	9.600039	0.000413	0.001241	0.096000	2.437366	0.506593	8.958749
08814	0.042531	0.114448	9.546772	0.000429	0.001136	0.095468	2.443462	0.508774	8.963608
08815	0.050906	0.125746	9.578565	0.000513	0.001251	0.095786	2.431381	0.507852	8.962606
08816	0.057946	0.136369	9.498488	0.000583	0.001356	0.094985	2.436336	0.509847	8.967195
08817	0.044045	0.107511	9.605355	0.000444	0.001068	0.096054	2.422492	0.506203	8.961507
08818	0.048696	0.130037	9.578519	0.000491	0.001293	0.095785	2.427367	0.508751	8.964120
08819	0.018185	0.113756	9.536332	0.000185	0.001130	0.095363	2.411463	0.496080	8.959287
08820	0.055704	0.098148	9.530639	0.000561	0.000974	0.095306	2.416165	0.498621	8.963137
08821	0.061668	0.121313	9.615668	0.000620	0.001206	0.096157	2.399764	0.498383	8.951035
08822	0.033546	0.093133	9.520250	0.000339	0.000924	0.095203	2.404413	0.500922	8.954858
08823	0.068592	0.089327	9.567812	0.000690	0.000886	0.095678	2.396570	0.492414	8.965493
08824	0.052519	0.103867	9.530597	0.000530	0.001032	0.095306	2.401037	0.495519	8.968616
08825	0.040059	0.107446	9.552014	0.000405	0.001066	0.095520	2.395809	0.488713	8.975523
08826	0.059930	0.116902	9.562370	0.000602	0.001162	0.095624	2.399734	0.489803	8.979248
08827	0.032494	0.133482	9.546565	0.000329	0.001327	0.095466	2.393302	0.488444	8.982676
08828	0.058465	0.119823	9.562343	0.000588	0.001192	0.095623	2.396924	0.490150	8.986952
08829	0.040101	0.146195	9.578326	0.000405	0.001455	0.095783	2.381417	0.478578	8.983435
08830	0.045550	0.124591	9.583739	0.000458	0.001239	0.095837	2.385544	0.479004	8.986595
08831	0.041056	0.136998	9.525073	0.000417	0.001364	0.095251	2.373869	0.478673	8.988119
08832	0.043629	0.127363	9.583712	0.000441	0.001266	0.095837	2.379426	0.481852	8.990229
08833	0.089112	0.120696	9.498019	0.000893	0.001201	0.094980	2.366801	0.484271	8.983072
08834	0.062949	0.138085	9.594054	0.000634	0.001373	0.095941	2.372353	0.486899	8.987128
08835	0.049950	0.096819	9.535906	0.000504	0.000960	0.095359	2.367361	0.482267	8.997649
08836	0.052199	0.131314	9.562228	0.000525	0.001306	0.095622	2.372221	0.483480	9.001607
08837	0.069118	0.107754	9.546258	0.000695	0.001070	0.095463	2.365806	0.479734	9.011450
08838	0.062861	0.088437	9.573122	0.000632	0.000875	0.095731	2.372692	0.481890	9.015230
08839	0.052533	0.123950	9.508975	0.000528	0.001234	0.095090	2.357296	0.471433	9.014677
08840	0.055382	0.114399	9.567631	0.000559	0.001135	0.095676	2.363708	0.474778	9.018288
08841	0.066106	0.113863	9.546208	0.000665	0.001132	0.095462	2.354073	0.472695	9.020571
08842	0.074554	0.125113	9.577983	0.000748	0.001245	0.095780	2.357737	0.473680	9.024259
08843	0.035660	0.143659	9.583514	0.000360	0.001429	0.095835	0.721375	-0.300167	6.923828
08844	0.043556	0.110012	9.535794	0.000438	0.001094	0.095358	0.720604	-0.301181	6.923674
08845	0.069494	0.096373	9.551651	0.000700	0.000956	0.095517	0.721085	-0.298089	6.996016
08846	0.035880	0.135981	9.530270	0.000363	0.001353	0.095303	0.720981	-0.297703	6.995925
08847	0.086059	0.119325	9.615195	0.000864	0.001186	0.096152	0.721631	-0.298496	6.990662
08848	-0.015182	0.158223	9.557150	-0.000149	0.001574	0.095572	0.722239	-0.299959	6.990232
08849	0.066768	0.102278	9.551609	0.000671	0.001017	0.095516	0.720839	-0.299790	7.011827
08850	0.039386	0.118721	9.535707	0.000397	0.001180	0.095357	0.720876	-0.299974	7.012457
08851	0.047741	0.130178	9.567470	0.000481	0.001294	0.095675	0.720944	-0.299881	7.023742
08852	0.037918	0.121618	9.535677	0.000383	0.001209	0.095357	0.720836	-0.299495	7.023649
08853	0.070387	0.130093	9.636515	0.000707	0.001294	0.096365	0.720929	-0.299681	7.024994
08854	0.015709	0.116670	9.525263	0.000162	0.001159	0.095253	0.721772	-0.298536	7.024432
08855	0.065632	0.100200	9.610242	0.000661	0.000994	0.096102	0.722547	-0.297851	7.026623
08856	0.022124	0.128452	9.445135	0.000224	0.001278	0.094451	0.721907	-0.298434	7.023238
08857	0.065177	0.104361	9.722089	0.000655	0.001036	0.097221	0.722017	-0.298648	7.023416
08858	0.026636	0.108232	9.450644	0.000271	0.001076	0.094507	0.721476	-0.297051	7.023127
08859	0.068058	0.126787	9.583266	0.000684	0.001260	0.095833	0.721716	-0.297810	7.024852
08860	0.049302	0.108187	9.519709	0.000497	0.001075	0.095197	0.721886	-0.298064	7.024226
08861	0.044006	0.090049	9.658505	0.000444	0.000894	0.096585	0.720889	-0.298454	7.024517
08862	0.039028	0.100926	9.487914	0.000392	0.001001	0.094879	0.721628	-0.300487	7.024808
08863	0.044923	0.124655	9.572820	0.000453	0.001239	0.095728	0.721437	-0.300043	7.025958
08864	0.056121	0.079993	9.583942	0.000566	0.000794	0.095839	0.720223	-0.299348	7.023629
08865	0.043180	0.127396	9.572792	0.000437	0.001266	0.095728	0.720979	-0.298145	7.024290
08866	0.056617	0.114496	9.498251	0.000568	0.001138	0.094983	0.720477	-0.299798	7.023602
08867	0.065014	0.125944	9.530003	0.000654	0.001252	0.095300	0.720278	-0.299353	7.024725
08868	0.067719	0.116518	9.588715	0.000681	0.001159	0.095887	0.719204	-0.299725	7.025094
08869	0.051984	0.130812	9.551353	0.000523	0.001301	0.095514	0.719430	-0.299995	7.024448
08870	0.034015	0.113503	9.599678	0.000345	0.001129	0.095997	0.718070	-0.299228	7.023369
08871	0.050442	0.133604	9.551322	0.000508	0.001328	0.095513	0.719388	-0.299804	7.024933
08872	0.058822	0.145068	9.583068	0.000591	0.001445	0.095831	0.717216	-0.300365	7.025045
08873	0.055022	0.113232	9.556894	0.000555	0.001125	0.095569	0.717013	-0.299426	7.024204
08874	0.033579	0.106849	9.546490	0.000339	0.001060	0.095465	0.718268	-0.299490	7.023830
08875	0.032911	0.108429	9.546475	0.000332	0.001077	0.095465	0.718631	-0.300325	7.023890
08876	0.056288	0.107130	9.615590	0.000566	0.001064	0.096156	0.718646	-0.300506	7.024511
08877	0.037206	0.132179	9.519461	0.000375	0.001314	0.095195	0.719004	-0.301342	7.024575
08878	0.072036	0.128646	9.567214	0.000725	0.001280	0.095672	0.718448	-0.299745	7.024276
08879	0.027470	0.126692	9.599534	0.000277	0.001258	0.095995	0.720325	-0.301602	7.024790
08880	0.097248	0.116815	9.583203	0.000977	0.001160	0.095832	0.721291	-0.300529	7.022965
08881	0.040194	0.115268	9.525021	0.000405	0.001146	0.095250	0.720122	-0.300843	7.024551
08882	0.036942	0.128986	9.578119	0.000372	0.001282	0.095781	0.720417	-0.301664	7.024642
08883	0.021577	0.099641	9.573350	0.000220	0.000988	0.095734	0.721438	-0.301100	7.024763
08884	0.061950	0.116991	9.594124	0.000624	0.001163	0.095941	0.721162	-0.300143	7.023933
08885	0.054806	0.095927	9.509255	0.000551	0.000952	0.095093	0.721511	-0.300976	7.023995
08886	0.027030	0.110674	9.381331	0.000272	0.001100	0.093813	0.721421	-0.303837	7.023499
08887	0.018652	0.123312	9.961982	0.000190	0.001226	0.099620	0.721481	-0.304522	7.026069
08888	0.034993	0.079675	9.445728	0.000356	0.000792	0.094457	0.718161	-0.301525	7.024332
08889	0.054184	0.132717	9.423434	0.000547	0.001318	0.094234	0.721071	-0.299935	7.025495
08890	0.049515	0.143097	9.252786	0.000496	0.001424	0.092528	0.720979	-0.302797	7.024998
08891	0.137514	0.147183	10.221942	0.001378	0.001466	0.102219	0.718986	-0.303930	7.025802
08892	0.003937	0.096568	9.205893	0.000046	0.000959	0.092059	0.718946	-0.300364	7.024829
08893	-0.031796	0.104800	9.269916	-0.000316	0.001040	0.092699	0.719706	-0.302408	7.025084
08894	0.053433	0.101714	9.791648	0.000535	0.001012	0.097917	0.717565	-0.306216	7.024802
08895	0.062373	0.115220	9.935240	0.000630	0.001144	0.099352	0.718663	-0.302958	7.026035
08896	0.024536	0.143384	9.242279	0.000252	0.001425	0.092423	0.720951	-0.299088	7.024318
08897	0.065069	0.160831	9.263054	0.000651	0.001601	0.092631	0.721182	-0.303088	7.025248
08898	0.124487	0.131311	9.913314	0.001247	0.001308	0.099133	0.718471	-0.305118	7.024042
08899	0.054225	0.082245	9.573573	0.000548	0.000814	0.095736	0.719853	-0.302509	7.024745
08900	-0.009453	0.101713	9.397749	-0.000091	0.001010	0.093978	0.719993	-0.302762	7.024106
08901	0.049477	0.095637	9.514770	0.000496	0.000950	0.095148	0.718561	-0.305175	7.023861
08902	0.064738	0.131913	9.743162	0.000652	0.001312	0.097432	0.718128	-0.304143	7.024274
08903	0.044834	0.108837	9.455959	0.000451	0.001081	0.094560	0.718739	-0.305120	7.021828
08904	0.102889	0.100916	9.461139	0.001034	0.001002	0.094611	0.719107	-0.303748	7.024998
08905	0.055589	0.111574	9.546458	0.000558	0.001109	0.095465	0.718766	-0.305489	7.023024
08906	0.014298	0.099244	9.637500	0.000147	0.000985	0.096375	0.718616	-0.305099	7.022909
08907	0.001535	0.057244	9.579759	0.000019	0.000565	0.095798	0.718644	-0.305284	7.023493
08908	0.071360	0.136322	9.609881	0.000718	0.001356	0.096099	0.718346	-0.304818	7.024629
08909	0.049371	0.127758	9.487605	0.000498	0.001269	0.094876	0.719470	-0.304319	7.023495
08910	0.063412	0.116438	9.525068	0.000639	0.001158	0.095251	0.717939	-0.303475	7.023649
08911	0.054115	0.153440	9.572355	0.000543	0.001526	0.095724	0.719481	-0.305169	7.026673
08912	0.085732	0.160504	9.561416	0.000862	0.001599	0.095614	0.718240	-0.304477	7.024325
08913	0.017376	0.117337	9.557268	0.000177	0.001167	0.095573	0.717029	-0.304773	7.025910
08914	0.017049	0.164558	9.636261	0.000174	0.001638	0.096363	0.717299	-0.305592	7.025992
08915	0.054025	0.146466	9.519234	0.000544	0.001457	0.095192	0.718274	-0.305021	7.026101
08916	0.082501	0.120313	9.482351	0.000829	0.001196	0.094824	0.718256	-0.305197	7.026708
08917	0.055797	0.139116	9.578011	0.000561	0.001384	0.095780	0.718562	-0.306026	7.026756
08918	0.043492	0.142871	9.599310	0.000438	0.001422	0.095993	0.717597	-0.306467	7.025856
08919	0.019127	0.059619	9.595827	0.000197	0.000588	0.095958	0.719237	-0.304495	7.026015
08920	0.012064	0.127831	9.557142	0.000125	0.001270	0.095572	0.720174	-0.303425	7.024173
08921	0.058390	0.122141	9.583732	0.000587	0.001215	0.095837	0.718961	-0.303714	7.025759
08922	0.081155	0.075266	9.574000	0.000815	0.000745	0.095740	0.720028	-0.303700	7.026619
08923	0.068382	0.166263	9.529487	0.000688	0.001656	0.095295	0.719618	-0.302663	7.027003
08924	0.096884	0.139958	9.492657	0.000972	0.001392	0.094927	0.719878	-0.303481	7.027082
08925	0.040872	0.097073	9.579071	0.000411	0.000964	0.095791	0.719520	-0.305705	7.027080
08926	0.017137	0.059756	9.654597	0.000174	0.000590	0.096546	0.719779	-0.306524	7.027159
08927	0.027951	0.102545	9.600348	0.000284	0.001017	0.096004	0.721688	-0.305684	7.028776
08928	0.047405	0.109413	9.498895	0.000477	0.001089	0.094989	0.719478	-0.306236	7.028869
08929	0.070464	0.108469	9.568130	0.000708	0.001076	0.095681	0.720725	-0.306296	7.028455
08930	0.075629	0.087054	9.573946	0.000760	0.000863	0.095739	0.720695	-0.306470	7.029057
08931	0.065860	0.121678	9.509266	0.000663	0.001210	0.095093	0.720714	-0.306169	7.027660
08932	0.012154	0.109664	9.509726	0.000126	0.001090	0.095097	0.720543	-0.305777	7.027535
08933	0.029468	0.088344	9.606102	0.000297	0.000876	0.096061	0.721259	-0.307823	7.027797
08934	0.026005	0.102796	9.659091	0.000265	0.001019	0.096591	0.723128	-0.306486	7.027454
08935	0.089519	0.112649	9.525467	0.000898	0.001121	0.095255	0.721228	-0.307697	7.027005
08936	0.074068	0.126710	9.487898	0.000745	0.001258	0.094879	0.723373	-0.307493	7.028114
08937	0.058977	0.143406	9.562171	0.000592	0.001428	0.095622	0.721462	-0.309177	7.029632
08938	0.073155	0.132180	9.599717	0.000735	0.001314	0.095997	0.722367	-0.309083	7.031737
08939	0.048774	0.092456	9.563449	0.000491	0.000917	0.095635	0.722516	-0.309336	7.031070
08940	-0.004891	0.080391	9.563899	-0.000045	0.000798	0.095639	0.721102	-0.309053	7.031938
08941	0.044517	0.108081	9.616416	0.000448	0.001072	0.096164	0.722462	-0.309678	7.032249
08942	0.082064	0.135453	9.578372	0.000823	0.001349	0.095784	0.720382	-0.310794	7.033064
08943	0.069303	0.136501	9.487799	0.000698	0.001357	0.094878	0.721032	-0.309096	7.031714
08944	0.018560	0.157949	9.514050	0.000189	0.001572	0.095141	0.720990	-0.309268	7.032311
08945	0.062140	0.121607	9.626781	0.000625	0.001210	0.096268	0.719747	-0.309568	7.033888
08946	0.046627	0.135501	9.589182	0.000470	0.001348	0.095892	0.719566	-0.309176	7.033758
08947	0.042730	0.146989	9.530297	0.000432	0.001463	0.095303	0.719265	-0.308225	7.032876
08948	0.021249	0.097123	9.552933	0.000217	0.000963	0.095529	0.720171	-0.307643	7.032999
08949	0.073397	0.112022	9.552481	0.000738	0.001113	0.095525	0.720142	-0.307820	7.033570
08950	0.069821	0.126256	9.605439	0.000702	0.001256	0.096054	0.718720	-0.307536	7.034434
08951	0.051203	0.106902	9.542040	0.000516	0.001060	0.095420	0.720600	-0.306680	7.036044
08952	0.023852	0.123604	9.525691	0.000243	0.001228	0.095257	0.721514	-0.305613	7.034189
08953	0.061407	0.110331	9.632585	0.000617	0.001098	0.096326	0.719321	-0.306162	7.034260
08954	0.025258	0.116335	9.584540	0.000257	0.001155	0.095845	0.721023	-0.304746	7.035159
08955	0.030049	0.092017	9.478609	0.000305	0.000913	0.094786	0.720847	-0.304368	7.034997
08956	0.041214	0.137281	9.536044	0.000416	0.001366	0.095361	0.720795	-0.304539	7.035590
08957	0.069876	0.113703	9.611272	0.000703	0.001130	0.096113	0.720625	-0.304152	7.035446
08958	0.069180	0.115074	9.611260	0.000695	0.001144	0.096113	0.719770	-0.305157	7.035261
08959	0.041826	0.128516	9.483044	0.000423	0.001277	0.094831	0.720419	-0.303438	7.033912
08960	0.064639	0.128025	9.552343	0.000649	0.001273	0.095524	0.720937	-0.304899	7.033459
08961	0.040600	0.134398	9.594849	0.000409	0.001339	0.095949	0.718725	-0.305459	7.033517
08962	0.066380	0.120762	9.611210	0.000667	0.001199	0.096112	0.720043	-0.306086	7.033841
08963	0.015537	0.095962	9.558663	0.000160	0.000953	0.095587	0.719739	-0.305149	7.032959
08964	0.079357	0.108149	9.536991	0.000798	0.001074	0.095370	0.719544	-0.304755	7.032821
08965	0.031514	0.116732	9.510162	0.000319	0.001159	0.095102	0.720454	-0.304166	7.032923
08966	0.033676	0.108340	9.569048	0.000340	0.001076	0.095691	0.720394	-0.304336	7.033513
08967	0.082961	0.092832	9.654766	0.000833	0.000921	0.096548	0.720634	-0.305143	7.033555
08968	0.029404	0.121242	9.510112	0.000298	0.001204	0.095101	0.721509	-0.305042	7.035648
08969	0.055104	0.107666	9.526505	0.000554	0.001070	0.095265	0.720528	-0.305489	7.034717
08970	0.048458	0.131922	9.520510	0.000490	0.001313	0.095205	0.719905	-0.303885	7.034371
08971	0.076860	0.108414	9.595825	0.000773	0.001077	0.095958	0.719575	-0.303408	7.035469
08972	0.058532	0.132121	9.499234	0.000589	0.001314	0.094992	0.719510	-0.303577	7.036057
08973	0.060775	0.123729	9.558133	0.000611	0.001230	0.095581	0.719757	-0.304411	7.036119
08974	0.068714	0.092389	9.623036	0.000692	0.000917	0.096230	0.719418	-0.303453	7.035250
08975	0.026892	0.121342	9.568914	0.000272	0.001205	0.095689	0.720587	-0.304006	7.036799
08976	0.049648	0.117599	9.526418	0.000501	0.001170	0.095264	0.719311	-0.303318	7.034425
08977	0.022305	0.090653	9.543225	0.000227	0.000899	0.095432	0.719253	-0.303489	7.034987
08978	0.048057	0.123693	9.638221	0.000485	0.001230	0.096382	0.719047	-0.303093	7.034844
08979	0.056237	0.132346	9.558045	0.000565	0.001316	0.095581	0.719274	-0.303923	7.034894
08980	0.055531	0.133798	9.558029	0.000559	0.001331	0.095580	0.719067	-0.303527	7.034751
08981	0.045944	0.124688	9.526346	0.000463	0.001240	0.095264	0.719171	-0.303775	7.034082
08982	0.054086	0.136599	9.557998	0.000544	0.001360	0.095580	0.718012	-0.304132	7.034412
08983	0.053411	0.138152	9.557979	0.000537	0.001372	0.095580	0.720411	-0.304565	7.034969
08984	0.055476	0.083278	9.538378	0.000558	0.000826	0.095384	0.719401	-0.305004	7.034048
08985	0.052084	0.140897	9.557946	0.000524	0.001404	0.095580	0.717163	-0.305563	7.034099
08986	0.051053	0.099058	9.591252	0.000515	0.000982	0.095913	0.718835	-0.304144	7.034983
08987	0.009135	0.127972	9.537040	0.000096	0.001273	0.095370	0.718346	-0.303107	7.035339
08988	0.031694	0.080886	9.527909	0.000320	0.000801	0.095279	0.718555	-0.303921	7.035401
08989	0.063438	0.134478	9.595593	0.000639	0.001337	0.095956	0.719605	-0.303402	7.034256
08990	0.042142	0.128007	9.585140	0.000424	0.001274	0.095851	0.718727	-0.304403	7.034063
08991	0.053220	0.126705	9.563905	0.000536	0.001260	0.095639	0.718356	-0.303923	7.035138
08992	0.055426	0.114764	9.511017	0.000558	0.001142	0.095110	0.717038	-0.304194	7.036713
