// Start Time: Unknown
// Update Rate: 100.0Hz
// Filter Profile: human (46.1)
// Firmware Version: 4.3.5
PacketCounter	Acc_X	Acc_Y	Acc_Z	Gyr_X	Gyr_Y	Gyr_Z	Roll	Pitch	Yaw
16575	9.922760	0.305802	1.117111	0.006572	0.011277	-0.015456	15.193064	-83.222341	7.996231
16576	9.903001	0.285167	1.100358	0.019562	0.009800	-0.013071	15.252646	-83.214956	7.947516
16577	9.854142	0.285801	1.156335	0.021908	0.016794	-0.011435	15.298084	-83.205257	7.912196
16578	9.853952	0.287315	1.157573	0.026131	0.009731	-0.013656	15.363985	-83.197811	7.860905
16579	9.817437	0.292908	1.126173	0.035488	0.010485	-0.007168	15.402955	-83.191234	7.841493
16580	9.821486	0.367045	1.131843	0.042059	0.010416	-0.007753	15.449612	-83.184299	7.818774
16581	9.855765	0.366431	1.130557	0.028807	0.008288	-0.009004	15.499095	-83.177004	7.787917
16582	9.824027	0.418042	1.136332	0.019187	0.004843	-0.008393	15.542598	-83.173044	7.755175
16583	9.821135	0.370429	1.133784	0.012886	0.008507	-0.008951	15.584712	-83.166733	7.720351
16584	9.817662	0.349458	1.098747	0.028102	0.011771	-0.007347	15.619498	-83.159106	7.701532
16585	9.785874	0.401305	1.104751	0.031623	0.007276	-0.013862	15.700420	-83.152155	7.639578
16586	9.816832	0.378917	1.067475	0.018618	0.009665	-0.010289	15.745826	-83.145228	7.604590
16587	9.814756	0.382535	1.033938	0.027078	0.009608	-0.011719	15.819720	-83.136191	7.549765
16588	9.819864	0.403868	1.104881	0.027734	0.004989	-0.014585	15.895879	-83.131158	7.489061
16589	9.872332	0.401691	1.119490	0.010957	0.006438	-0.015281	15.982880	-83.127845	7.404394
16590	9.815502	0.334024	1.101419	0.007246	0.007545	-0.012385	16.033715	-83.121732	7.357371
16591	9.852546	0.382532	1.102858	0.013502	0.001830	-0.018992	16.154286	-83.116959	7.247134
16592	9.833485	0.335446	1.118219	0.007902	0.002926	-0.015250	16.224435	-83.112913	7.181037
16593	9.836102	0.385743	1.121618	0.018380	0.005141	-0.015116	16.327826	-83.107944	7.089541
16594	9.799655	0.391641	1.089540	0.013509	0.001826	-0.018995	16.419490	-83.103872	7.005005
16595	9.814449	0.369580	1.070045	0.014619	0.004193	-0.019389	16.544426	-83.100988	6.885672
16596	9.871530	0.414352	1.121941	0.025882	0.004051	-0.019711	16.643195	-83.095539	6.801119
16597	9.855886	0.467152	1.109303	0.003629	0.007925	-0.020218	16.768099	-83.090124	6.676833
16598	9.831611	0.400295	1.055085	-0.000931	0.010260	-0.018074	16.835288	-83.081502	6.608615
16599	9.853409	0.395771	1.141152	-0.000789	0.011594	-0.021630	16.973204	-83.072830	6.471879
16600	9.836964	0.397380	1.160346	-0.008608	0.007952	-0.017100	17.034373	-83.065607	6.405293
16601	9.863436	0.328876	1.085923	-0.006515	0.010427	-0.020298	17.167842	-83.059933	6.264056
16602	9.848331	0.354754	1.106542	0.005450	0.007731	-0.016308	17.233552	-83.052941	6.201003
16603	9.867641	0.378789	1.125154	0.008510	0.011242	-0.016344	17.335042	-83.048397	6.099070
16604	9.832433	0.408989	1.095296	0.009437	0.010217	-0.020353	17.417337	-83.039333	6.021602
16605	9.832252	0.411166	1.096102	0.005477	0.006800	-0.022276	17.570482	-83.036497	5.867472
16606	9.818991	0.435325	1.150983	0.003792	0.009251	-0.023783	17.665917	-83.027331	5.773504
16607	9.835049	0.437889	1.133703	-0.007466	0.009379	-0.023469	17.829291	-83.020920	5.606304
16608	9.832260	0.391555	1.131725	-0.013895	0.010768	-0.026447	17.923815	-83.010403	5.503050
16609	9.863932	0.343507	1.127677	-0.006615	0.008150	-0.022719	18.080951	-83.004049	5.343788
16610	9.847486	0.345483	1.146708	-0.007515	0.008243	-0.024678	18.174490	-82.995163	5.245222
16611	9.880489	0.321790	1.143895	0.003544	0.005655	-0.022640	18.320543	-82.991314	5.098211
16612	9.846533	0.376478	1.115334	0.004828	0.011416	-0.019420	18.392770	-82.981606	5.028234
16613	9.847594	0.402898	1.117840	0.004714	0.009153	-0.021831	18.512862	-82.973348	4.916794
16614	9.831135	0.404885	1.136794	0.007394	0.006809	-0.023129	18.609067	-82.965413	4.824168
16615	9.832222	0.431487	1.138845	-0.000285	0.004491	-0.022158	18.722091	-82.961472	4.709882
16616	9.845854	0.385363	1.118288	-0.012183	0.008294	-0.024955	18.812129	-82.952350	4.612159
16617	9.841985	0.314780	1.114470	-0.000133	0.005821	-0.025718	18.983175	-82.948865	4.436351
16618	9.810499	0.340902	1.152959	0.010197	0.006730	-0.022020	19.075262	-82.941099	4.349463
16619	9.809708	0.369698	1.120639	0.006359	0.005568	-0.021535	19.205832	-82.938294	4.219021
16620	9.810787	0.396252	1.122592	0.013782	0.004294	-0.021360	19.300534	-82.931938	4.131552
16621	9.831229	0.445176	1.142140	0.008051	0.003117	-0.020029	19.390715	-82.929175	4.045793
16622	9.841255	0.403437	1.052386	-0.002273	0.002201	-0.023731	19.489022	-82.923451	3.945425
16623	9.826669	0.403427	1.105501	0.018885	0.009154	-0.025804	19.625474	-82.916924	3.820844
16624	9.809536	0.432368	1.091355	0.002569	0.003464	-0.027026	19.738368	-82.909822	3.708580
16625	9.857213	0.334343	1.100053	0.010256	0.005787	-0.028000	19.874284	-82.907350	3.569344
16626	9.826359	0.334340	1.171151	0.024057	0.002010	-0.026047	19.996855	-82.901191	3.459668
16627	9.843707	0.361821	1.154596	0.014690	0.002128	-0.026586	20.113449	-82.898555	3.351143
16628	9.844293	0.337985	1.187584	0.025811	0.000694	-0.023337	20.226598	-82.893575	3.251972
16629	9.850695	0.435704	1.227952	0.021183	0.001883	-0.022402	20.313551	-82.892041	3.174653
16630	9.831722	0.466608	1.178851	0.013653	0.000881	-0.024991	20.425759	-82.886588	3.069390
16631	9.824859	0.451234	1.074368	0.006336	0.004411	-0.022759	20.518966	-82.883620	2.974493
16632	9.853132	0.407963	1.001121	0.010281	0.005766	-0.028015	20.633835	-82.874906	2.864563
16633	9.842624	0.455154	1.091662	0.025554	0.008155	-0.032379	20.792297	-82.871772	2.708242
16634	9.858677	0.459083	1.074147	0.015235	0.007218	-0.036084	20.941709	-82.860619	2.566263
16635	9.872102	0.363542	1.085315	0.012553	0.009554	-0.034791	21.078954	-82.853896	2.429761
16636	9.875559	0.362797	1.155120	0.023938	0.011724	-0.032696	21.210330	-82.840969	2.310933
16637	9.840525	0.316738	1.189535	0.017153	0.009302	-0.029761	21.336043	-82.833615	2.198038
16638	9.840313	0.319662	1.190502	0.018157	0.011482	-0.025393	21.432658	-82.822261	2.110936
16639	9.893018	0.370036	1.174320	0.032234	0.011318	-0.024591	21.489154	-82.814428	2.072710
16640	9.861594	0.447129	1.181609	0.023806	0.012470	-0.021965	21.571603	-82.803230	2.003137
16641	9.893157	0.476929	1.113756	0.028123	0.019679	-0.025975	21.618897	-82.792865	1.964299
16642	9.840244	0.482597	1.101290	0.021483	0.020663	-0.019425	21.674633	-82.777851	1.920239
16643	9.856221	0.485187	1.085156	0.010364	0.022068	-0.022685	21.736616	-82.767771	1.858230
16644	9.822178	0.462719	1.122061	0.014068	0.019827	-0.026789	21.819995	-82.751651	1.781971
16645	9.873058	0.386961	1.168579	0.004627	0.020880	-0.021355	21.815478	-82.743071	1.775762
16646	9.866752	0.293711	1.130551	0.010217	0.020743	-0.019124	21.861794	-82.728138	1.734520
16647	9.832764	0.270667	1.167419	0.027095	0.020523	-0.017199	21.920594	-82.720935	1.685747
16648	9.904489	0.342953	1.169843	0.044026	0.021436	-0.014072	21.964183	-82.706731	1.666747
16649	9.818517	0.424405	1.128854	0.049530	0.019026	-0.014251	21.961117	-82.699761	1.691866
16650	9.836652	0.475370	1.115059	0.050389	0.017802	-0.013498	22.011275	-82.687638	1.669847
16651	9.835648	0.503739	1.083486	0.040067	0.016842	-0.017210	22.008437	-82.681768	1.686492
16652	9.783572	0.482593	1.103411	0.031431	0.013448	-0.019401	22.078494	-82.670719	1.633374
16653	9.801451	0.483215	1.120702	0.030285	0.009939	-0.020202	22.142577	-82.666284	1.586374
16654	9.801245	0.485515	1.121505	0.018943	0.008885	-0.021102	22.219781	-82.657266	1.518844
16655	9.833489	0.437366	1.117879	0.021718	0.010919	-0.012809	22.237227	-82.653077	1.515365
16656	9.835077	0.436963	1.153102	0.025269	0.007362	-0.013337	22.288135	-82.646532	1.478007
16657	9.871384	0.485976	1.154580	0.013076	0.007524	-0.014996	22.342833	-82.641364	1.440075
16658	9.867765	0.491401	1.086203	0.020314	0.003824	-0.012442	22.393227	-82.636824	1.400477
16659	9.854999	0.539408	1.141954	0.021683	0.009776	-0.014018	22.395605	-82.633663	1.409237
16660	9.819611	0.568578	1.111506	0.000931	0.008819	-0.015457	22.438028	-82.625819	1.366452
16661	9.832833	0.497299	1.090259	-0.002923	0.007651	-0.014966	22.496230	-82.625889	1.301874
16662	9.817804	0.445932	1.175431	-0.001862	0.008881	-0.016575	22.541716	-82.617780	1.254353
16663	9.799551	0.449261	1.159796	-0.010554	0.004346	-0.019962	22.585374	-82.615274	1.205749
16664	9.798419	0.426456	1.159216	-0.005624	0.009987	-0.013682	22.614529	-82.607198	1.172532
16665	9.814623	0.428101	1.141975	-0.000122	0.007586	-0.013850	22.664010	-82.609197	1.113497
16666	9.797365	0.455348	1.127652	0.003519	0.006309	-0.011971	22.697873	-82.603490	1.080729
16667	9.833622	0.503888	1.129169	-0.003040	0.007477	-0.010195	22.636940	-82.604470	1.130019
16668	9.812711	0.484032	1.077902	-0.019935	0.007676	-0.012131	22.654457	-82.598054	1.100063
16669	9.864164	0.457833	1.091865	-0.007783	0.006385	-0.011670	22.685231	-82.602062	1.051887
16670	9.852056	0.478947	1.180855	-0.019086	0.006458	-0.011371	22.702414	-82.596513	1.022658
16671	9.826604	0.387869	1.091063	-0.016289	0.006396	-0.010253	22.637862	-82.598340	1.065475
16672	9.795665	0.436883	1.130427	0.000469	0.002789	-0.011921	22.673609	-82.594657	1.028713
16673	9.813665	0.436432	1.147046	-0.008927	0.002876	-0.012469	22.703955	-82.600050	0.983507
16674	9.829971	0.437808	1.129129	-0.004444	0.000386	-0.009825	22.732431	-82.598154	0.951133
16675	9.795438	0.439959	1.131200	-0.004139	0.005107	-0.009790	22.691127	-82.598110	0.989570
16676	9.829024	0.466084	1.096825	-0.014467	0.004132	-0.013507	22.721456	-82.593431	0.949491
16677	9.812555	0.466870	1.115276	-0.010872	0.001720	-0.012828	22.676791	-82.590088	0.993340
16678	9.830525	0.466543	1.132066	-0.014248	0.006577	-0.015878	22.711584	-82.583535	0.948960
16679	9.828539	0.419120	1.129947	-0.009764	0.004088	-0.013234	22.647005	-82.581673	1.006561
16680	9.848218	0.416668	1.181212	-0.014417	0.005266	-0.012307	22.668067	-82.576586	0.975925
16681	9.845503	0.395123	1.145881	-0.013744	0.002741	-0.007972	22.606608	-82.582060	1.017434
16682	9.847284	0.444659	1.148837	-0.000584	0.001559	-0.010315	22.632939	-82.579422	0.989370
16683	9.832648	0.493966	1.170068	-0.009674	0.006361	-0.010830	22.631508	-82.575959	0.992613
16684	9.880752	0.471841	1.114998	-0.019150	0.004165	-0.013789	22.656598	-82.571137	0.955134
16685	9.842662	0.427367	1.080101	-0.018261	0.004087	-0.011824	22.659624	-82.571014	0.942203
16686	9.862362	0.424684	1.131202	-0.011876	0.001619	-0.010024	22.677752	-82.568358	0.915964
16687	9.846777	0.449577	1.151260	-0.020747	0.008865	-0.012909	22.626144	-82.563196	0.960102
16688	9.810374	0.403038	1.151031	-0.011614	0.005202	-0.011191	22.642221	-82.558356	0.936120
16689	9.828319	0.402421	1.168140	-0.006617	0.009885	-0.010876	22.700306	-82.562984	0.862816
16690	9.830772	0.425560	1.204802	-0.020071	0.006336	-0.008577	22.699750	-82.558195	0.850607
16691	9.807313	0.332333	1.149218	-0.005947	0.007360	-0.006540	22.628519	-82.560268	0.909647
16692	9.826262	0.406568	1.136124	0.008353	0.009697	-0.008076	22.635840	-82.553843	0.905846
16693	9.809739	0.406876	1.155087	0.000694	0.008479	-0.005903	22.539725	-82.554419	0.995480
16694	9.826815	0.381477	1.170725	0.011769	0.005978	-0.003822	22.537064	-82.550915	1.003659
16695	9.879365	0.429935	1.154235	-0.002312	0.006088	-0.004657	22.502221	-82.552493	1.031783
16696	9.823261	0.386357	1.103340	-0.001969	0.011946	-0.003415	22.480005	-82.545920	1.051740
16697	9.841206	0.385290	1.120582	0.022221	0.007138	-0.004871	22.439128	-82.551703	1.093646
16698	9.862609	0.431324	1.174697	0.013813	0.006170	-0.009444	22.459644	-82.546931	1.079502
16699	9.824699	0.437402	1.108198	0.005351	0.007303	-0.006832	22.435806	-82.553234	1.091408
16700	9.841007	0.438517	1.090665	0.016428	0.004803	-0.004748	22.441011	-82.550284	1.094087
16701	9.848565	0.506353	1.198414	0.013598	0.003722	-0.007075	22.347099	-82.553627	1.184609
16702	9.847628	0.482600	1.197259	0.000178	0.001309	-0.003574	22.342971	-82.552805	1.187241
16703	9.863898	0.432689	1.211021	-0.007307	0.001401	-0.004976	22.380025	-82.556179	1.151573
16704	9.826869	0.411734	1.177065	-0.010274	0.000148	-0.002525	22.368150	-82.556199	1.156002
16705	9.806315	0.442015	1.093495	0.002343	0.004912	-0.005585	22.295561	-82.560594	1.218063
16706	9.783891	0.372915	1.039132	-0.001426	0.006009	-0.002693	22.279019	-82.557508	1.232221
16707	9.837205	0.395311	1.055667	0.029811	0.006081	-0.009452	22.348937	-82.559080	1.177459
16708	9.862823	0.512910	1.148188	0.024235	0.006191	-0.011700	22.384005	-82.553948	1.154401
16709	9.823985	0.444038	1.111886	0.001461	0.004985	-0.007554	22.406954	-82.556410	1.131561
16710	9.857401	0.368670	1.141089	0.016654	0.007248	-0.007121	22.417642	-82.551729	1.128698
16711	9.829612	0.464029	1.217561	0.012583	0.003626	-0.004266	22.409757	-82.558026	1.136478
16712	9.826228	0.468502	1.149214	-0.003153	0.007295	-0.005428	22.402198	-82.553732	1.140501
16713	9.803053	0.425946	1.061891	0.003370	0.005003	-0.008400	22.417587	-82.562546	1.111859
16714	9.857151	0.421860	1.111371	0.006864	0.003567	-0.001733	22.407210	-82.561121	1.124363
16715	9.857165	0.473124	1.079975	0.006121	0.003810	-0.008480	22.340579	-82.567804	1.179753
16716	9.839809	0.449410	1.097021	0.016539	0.003834	-0.010733	22.371050	-82.564337	1.156518
16717	9.878358	0.520678	1.134348	0.004656	0.008677	-0.012382	22.254563	-82.562123	1.266214
16718	9.822347	0.478029	1.083215	-0.009594	0.004229	-0.018035	22.297637	-82.556871	1.215115
16719	9.857421	0.401559	1.146778	-0.002105	0.004140	-0.016632	22.332112	-82.558719	1.172105
16720	9.858094	0.376845	1.180333	-0.000157	0.005297	-0.016273	22.371652	-82.553299	1.129989
16721	9.856345	0.380158	1.146426	-0.004995	0.005162	-0.011774	22.358880	-82.556742	1.129397
16722	9.834879	0.336283	1.093445	0.004543	0.005263	-0.015994	22.399807	-82.551433	1.088528
16723	9.819997	0.386146	1.114845	0.017871	0.008652	-0.013511	22.309134	-82.551729	1.179577
16724	9.804279	0.462355	1.103293	0.012294	0.008757	-0.015761	22.346471	-82.544658	1.146709
16725	9.822957	0.487035	1.121948	0.005030	0.011284	-0.019541	22.336579	-82.544271	1.146785
16726	9.853976	0.441234	1.083939	0.009393	0.005393	-0.020497	22.396503	-82.537993	1.089366
16727	9.836555	0.418583	1.101444	0.008851	0.011322	-0.021231	22.433522	-82.529746	1.060676
16728	9.817517	0.347095	1.116387	0.014173	0.007636	-0.017812	22.481357	-82.522826	1.018268
16729	9.851847	0.347861	1.115371	0.031943	0.007419	-0.013877	22.481301	-82.517995	1.043121
16730	9.835283	0.399965	1.102132	0.033783	0.005159	-0.017130	22.541254	-82.512499	0.999868
16731	9.867203	0.428838	1.033396	0.026226	0.007353	-0.011350	22.605930	-82.515214	0.944126
16732	9.852255	0.427976	1.086472	0.037542	0.007310	-0.011636	22.642762	-82.509809	0.926333
16733	9.853708	0.478351	1.089587	0.030019	0.006248	-0.014246	22.618179	-82.504670	0.971825
16734	9.851186	0.457533	1.054294	0.021464	0.005097	-0.014042	22.658542	-82.499863	0.941239
16735	9.817442	0.433767	1.089344	0.017385	0.001477	-0.011179	22.624905	-82.506939	0.973487
16736	9.836989	0.432047	1.140382	0.034698	0.005073	-0.015175	22.676861	-82.501939	0.938761
16737	9.839986	0.531135	1.145846	0.020443	0.005003	-0.011234	22.599588	-82.510267	1.005874
16738	9.821847	0.533698	1.129802	0.010850	0.003764	-0.008214	22.611189	-82.507571	0.997910
16739	9.818613	0.487879	1.093091	0.009934	0.002692	-0.011385	22.644289	-82.513147	0.962594
16740	9.822489	0.509521	1.163627	0.006220	0.006075	-0.006091	22.640982	-82.509729	0.966941
16741	9.820015	0.487710	1.128533	-0.008772	0.006232	-0.008900	22.658467	-82.519781	0.925355
16742	9.851240	0.440569	1.090631	-0.011527	0.007420	-0.008823	22.654020	-82.515134	0.920456
16743	9.836227	0.489761	1.111770	0.008061	0.003814	-0.009338	22.708032	-82.521599	0.863936
16744	9.853393	0.464809	1.127452	-0.008735	0.007370	-0.007699	22.701174	-82.517268	0.863025
16745	9.850999	0.392519	1.124306	-0.011596	0.005137	-0.011228	22.710846	-82.518795	0.842386
16746	9.799965	0.394141	1.144640	-0.003876	0.007498	-0.012202	22.724746	-82.513408	0.823336
16747	9.831911	0.422380	1.075954	0.002480	0.003912	-0.011588	22.751628	-82.517430	0.792100
16748	9.816946	0.421404	1.128863	0.005462	0.005161	-0.014045	22.782322	-82.512894	0.761468
16749	9.781551	0.449948	1.097563	0.010750	0.000346	-0.011819	22.857732	-82.513288	0.696047
16750	9.796361	0.453393	1.045075	0.006926	0.000305	-0.010131	22.882204	-82.512154	0.672605
16751	9.833098	0.476500	1.079060	0.022194	-0.000674	-0.018089	22.908221	-82.516202	0.653859
16752	9.835331	0.500745	1.114803	0.004362	0.002787	-0.013638	22.940755	-82.512993	0.620761
16753	9.815732	0.454824	1.096142	0.001572	0.002834	-0.014764	22.963325	-82.513644	0.596212
16754	9.868141	0.454025	1.111115	0.006243	0.001666	-0.015685	23.006984	-82.510561	0.552990
16755	9.851614	0.455104	1.129243	0.000471	0.000463	-0.014354	23.093212	-82.516958	0.461960
16756	9.849221	0.433932	1.093768	-0.003096	0.003999	-0.013844	23.120623	-82.513082	0.429687
16757	9.868719	0.432063	1.145065	0.003557	0.005135	-0.013206	23.056994	-82.520167	0.475169
16758	9.867042	0.435251	1.110955	-0.002283	0.001648	-0.014279	23.089917	-82.517499	0.437672
16759	9.832464	0.437544	1.112957	0.010210	0.006272	-0.012568	22.922833	-82.519136	0.593180
16760	9.868932	0.511423	1.115626	0.007546	0.005329	-0.019682	22.975173	-82.513356	0.541684
16761	9.833582	0.489848	1.116622	-0.001795	0.007658	-0.017842	22.993956	-82.516943	0.507667
16762	9.848450	0.443444	1.096886	0.005895	0.008883	-0.020018	23.040480	-82.509256	0.460995
16763	9.836352	0.489932	1.187118	-0.003706	0.007634	-0.016999	23.094073	-82.512034	0.397898
16764	9.863881	0.422990	1.079190	-0.008408	0.007656	-0.017282	23.123650	-82.505640	0.359991
16765	9.848832	0.422297	1.132475	0.005739	0.008731	-0.015234	23.162091	-82.504324	0.319957
16766	9.850038	0.472502	1.135826	0.001912	0.008686	-0.013546	23.180934	-82.498232	0.298836
16767	9.864099	0.451729	1.082941	0.004703	0.008643	-0.012419	23.198377	-82.498896	0.277115
16768	9.831698	0.476694	1.121014	0.007626	0.007609	-0.017282	23.237297	-82.492544	0.239019
16769	9.832890	0.526936	1.124224	0.005549	0.007435	-0.011652	23.229684	-82.489200	0.248834
16770	9.797591	0.504638	1.125322	-0.011354	0.007538	-0.013629	23.243065	-82.483691	0.225564
16771	9.830574	0.456162	1.122134	-0.014079	0.009863	-0.012352	23.141787	-82.479365	0.313432
16772	9.846229	0.433373	1.103710	-0.010506	0.006331	-0.012861	23.153829	-82.474659	0.292000
16773	9.845416	0.410203	1.103347	-0.008301	0.011070	-0.013683	23.102442	-82.475269	0.329788
16774	9.843722	0.413346	1.069782	-0.001970	0.006356	-0.014266	23.124444	-82.470271	0.303170
16775	9.847313	0.435203	1.140760	0.010350	0.010843	-0.007759	23.023476	-82.471025	0.396792
16776	9.811125	0.439158	1.108894	0.002121	0.009976	-0.017135	23.052388	-82.463504	0.365507
16777	9.812275	0.489095	1.112219	0.012882	0.007226	-0.005451	23.004065	-82.465103	0.418379
16778	9.815848	0.510762	1.183104	0.002799	0.008618	-0.011579	23.013194	-82.459555	0.407417
16779	9.813802	0.438593	1.179911	-0.011799	0.002661	-0.008870	23.016667	-82.466404	0.385200
16780	9.813741	0.439305	1.180152	-0.006252	0.001437	-0.007816	23.017847	-82.465522	0.376968
16781	9.794152	0.442946	1.129576	-0.017513	0.003731	-0.005138	23.009498	-82.470371	0.370162
16782	9.789143	0.373834	1.057153	-0.013940	0.000202	-0.005645	22.999844	-82.470647	0.368391
16783	9.823589	0.373715	1.055657	0.016393	0.001418	-0.008360	23.019542	-82.471214	0.363203
16784	9.844343	0.420060	1.109197	0.013466	0.002448	-0.003499	23.013261	-82.470770	0.373906
16785	9.879150	0.494884	1.077128	0.021129	0.002541	-0.006873	23.083694	-82.474224	0.314789
16786	9.846785	0.518933	1.114441	0.012367	0.000077	-0.003089	23.079699	-82.475127	0.322566
16787	9.882129	0.492331	1.146155	0.002145	0.002457	-0.003227	23.067468	-82.479881	0.332974
16788	9.846972	0.469013	1.146750	0.004963	0.003559	-0.000896	23.044594	-82.479450	0.355505
16789	9.864927	0.467738	1.163577	0.003077	0.004677	0.001150	22.960020	-82.487017	0.428632
16790	9.842309	0.474294	1.044378	-0.004357	0.007017	0.002140	22.913444	-82.485467	0.469617
16791	9.862385	0.495340	1.097278	-0.000495	0.008206	0.001655	22.825622	-82.484981	0.557383
16792	9.861414	0.521522	1.064878	-0.013594	0.007200	-0.003221	22.794634	-82.482119	0.577327
16793	9.862195	0.495390	1.098962	-0.013534	0.009483	-0.000817	22.717799	-82.485614	0.640093
16794	9.863594	0.493590	1.134375	-0.021054	0.008397	-0.003437	22.681197	-82.482093	0.661342
16795	9.843336	0.472680	1.083220	-0.023638	0.009728	-0.008154	22.650063	-82.487508	0.663522
16796	9.843815	0.497639	1.085570	-0.026421	0.009766	-0.009286	22.631528	-82.482021	0.663357
16797	9.822539	0.377944	1.063892	-0.029002	0.011096	-0.014004	22.620963	-82.480830	0.650090
16798	9.841844	0.376104	1.115967	-0.014721	0.011203	-0.017929	22.641323	-82.472695	0.617430
16799	9.824922	0.428005	1.102885	-0.006533	0.004239	-0.021756	22.752156	-82.474693	0.498779
16800	9.805263	0.433152	1.052845	-0.011728	0.012454	-0.020386	22.782244	-82.465366	0.458013
16801	9.827827	0.503102	1.143199	-0.003425	0.010056	-0.019400	22.713717	-82.461574	0.515092
16802	9.790439	0.459035	1.108715	-0.028691	0.009102	-0.026001	22.761321	-82.452784	0.446825
16803	9.839448	0.387744	1.086245	-0.021405	0.007756	-0.020996	22.789061	-82.447247	0.407297
16804	9.807749	0.386570	1.157544	-0.014759	0.008911	-0.020345	22.822220	-82.439789	0.361687
16805	9.838525	0.367069	1.086698	-0.011999	0.007732	-0.020417	22.876629	-82.435422	0.302267
16806	9.873442	0.392481	1.087213	-0.000889	0.006444	-0.017091	22.908942	-82.429973	0.265554
16807	9.875346	0.416749	1.123602	0.002943	0.006497	-0.018774	22.994636	-82.426488	0.185705
16808	9.875776	0.442806	1.125498	-0.006659	0.005220	-0.015772	23.020701	-82.421961	0.151997
16809	9.858573	0.419306	1.142729	-0.016054	0.005236	-0.016357	23.029736	-82.420609	0.131529
16810	9.857899	0.396046	1.141973	-0.010666	0.005011	-0.009299	23.028114	-82.417638	0.123448
16811	9.823871	0.421903	1.145399	-0.013421	0.006186	-0.009230	23.038410	-82.420225	0.100770
16812	9.820262	0.402167	1.075966	-0.010405	0.008585	-0.010479	23.035732	-82.415122	0.093888
16813	9.804724	0.451086	1.097513	-0.004813	0.009655	-0.007007	22.973165	-82.419197	0.142831
16814	9.854478	0.402872	1.076416	-0.002871	0.010824	-0.006644	22.955585	-82.413808	0.155268
16815	9.821843	0.426541	1.114869	-0.002819	0.013104	-0.004235	22.923356	-82.415889	0.182672
16816	9.821694	0.427074	1.115982	0.004583	0.009642	-0.006420	22.911180	-82.411204	0.193920
16817	9.822991	0.425485	1.151603	-0.008538	0.014158	-0.000510	22.809558	-82.409949	0.289615
16818	9.839355	0.426379	1.134892	-0.002868	0.010822	-0.006645	22.791781	-82.404594	0.302192
16819	9.854294	0.429367	1.083616	-0.001975	0.011899	-0.003466	22.776826	-82.404054	0.316113
16820	9.852726	0.431665	1.050243	-0.003941	0.009590	-0.005035	22.754280	-82.399714	0.332883
16821	9.836076	0.431629	1.069093	0.002646	0.008472	-0.006784	22.732673	-82.397547	0.355279
16822	9.837931	0.454631	1.105697	-0.003100	0.008386	-0.004264	22.709561	-82.394001	0.373135
16823	9.835331	0.408066	1.069312	-0.003335	0.005952	-0.001881	22.667010	-82.396457	0.414330
16824	9.803590	0.405237	1.140432	0.000757	0.009584	-0.004740	22.645976	-82.392174	0.432321
16825	9.818597	0.408067	1.088856	-0.001394	0.007120	-0.001517	22.615193	-82.397373	0.457504
16826	9.819057	0.432732	1.090788	-0.004224	0.004874	-0.005062	22.600401	-82.395533	0.466283
16827	9.834991	0.409343	1.071943	-0.005300	0.003642	-0.003451	22.565438	-82.402958	0.490147
16828	9.852869	0.408472	1.088962	0.010966	0.007231	-0.004579	22.553485	-82.400006	0.504796
16829	9.857217	0.478259	1.162397	0.007950	0.004830	-0.003333	22.519590	-82.402880	0.538352
16830	9.851843	0.435639	1.056864	-0.001443	0.004839	-0.003927	22.501809	-82.401339	0.551709
16831	9.871118	0.433072	1.108320	0.014775	0.006147	-0.007463	22.487977	-82.397773	0.581133
16832	9.819979	0.434000	1.128329	0.007323	0.007325	-0.007693	22.486008	-82.394064	0.583661
16833	9.851893	0.386958	1.090595	0.002489	0.009457	-0.000790	22.442272	-82.389935	0.638118
16834	9.820292	0.459407	1.131126	0.014753	0.005006	-0.008668	22.452218	-82.387213	0.632983
16835	9.818801	0.462140	1.097134	-0.000390	0.004929	-0.006744	22.441812	-82.389003	0.643609
16836	9.852160	0.413369	1.093516	0.011786	0.004887	-0.005013	22.435774	-82.387147	0.652891
16837	9.837617	0.511037	1.117228	0.007302	0.006183	-0.008899	22.404524	-82.390184	0.682088
16838	9.818000	0.440122	1.097326	-0.008731	0.005026	-0.010156	22.406698	-82.387148	0.671199
16839	9.851887	0.415902	1.095013	0.007065	0.003750	-0.006515	22.428344	-82.388984	0.656658
16840	9.819244	0.439768	1.132492	0.005125	0.002581	-0.006879	22.429631	-82.387957	0.654694
16841	9.817244	0.417823	1.097327	-0.005853	0.009554	-0.004204	22.371955	-82.381681	0.719570
16842	9.797815	0.421506	1.047073	0.009008	0.004920	-0.006150	22.368606	-82.379539	0.724599
16843	9.820354	0.439727	1.168617	0.013682	0.003775	-0.007056	22.370117	-82.382248	0.727549
16844	9.819408	0.466628	1.135842	-0.010860	0.003702	-0.005730	22.355728	-82.380847	0.732236
16845	9.831594	0.398342	1.045484	-0.010860	0.003701	-0.005731	22.332746	-82.385843	0.743292
16846	9.832885	0.397219	1.080501	-0.001011	0.007420	-0.011108	22.339242	-82.381317	0.732583
16847	9.833645	0.372005	1.114305	-0.000171	0.006218	-0.010336	22.371684	-82.379806	0.701853
16848	9.833035	0.348884	1.113522	0.014953	0.005160	-0.013460	22.400492	-82.375954	0.677899
16849	9.867936	0.374115	1.113742	0.023250	0.002783	-0.012456	22.367164	-82.376568	0.723234
16850	9.845668	0.307387	1.024775	0.022460	0.006265	-0.010823	22.387655	-82.372703	0.712017
16851	9.847857	0.280810	1.092591	0.054188	0.000452	-0.011941	22.507486	-82.381917	0.615202
16852	9.853904	0.374411	1.201012	0.055089	0.001528	-0.008767	22.546684	-82.381045	0.603931
16853	9.820752	0.374625	1.236722	0.042677	-0.000872	-0.008117	22.541153	-82.388107	0.627207
16854	9.817031	0.330752	1.164878	0.042424	-0.004448	-0.006936	22.575486	-82.390815	0.613499
16855	9.831325	0.360874	1.078758	0.055035	-0.003058	-0.013597	22.593759	-82.395811	0.626295
16856	9.814306	0.412693	1.064492	0.055357	0.002791	-0.012386	22.644922	-82.393494	0.603081
16857	9.793981	0.368680	1.010880	0.059795	-0.001933	-0.012112	22.654607	-82.400591	0.622716
16858	9.862454	0.345218	1.006452	0.059143	-0.001744	-0.018892	22.740951	-82.399248	0.566168
16859	9.884037	0.391717	1.093990	0.066702	0.000501	-0.015068	22.708075	-82.401607	0.633287
16860	9.866035	0.394975	1.077303	0.069533	0.001606	-0.012742	22.769876	-82.399853	0.607498
16861	9.851733	0.443483	1.131770	0.071241	-0.000804	-0.011201	22.791685	-82.402949	0.626873
16862	9.800167	0.495649	1.118780	0.063849	0.003800	-0.007836	22.826949	-82.401121	0.624585
16863	9.849326	0.474430	1.063595	0.051323	-0.003173	-0.011965	22.873907	-82.405844	0.607089
16864	9.833661	0.523978	1.083388	0.041772	0.000139	-0.004156	22.888040	-82.406768	0.613371
16865	9.867187	0.550338	1.048548	0.037303	0.002561	-0.006847	22.884752	-82.413506	0.632743
