// Start Time: Unknown
// Update Rate: 100.0Hz
// Filter Profile: human (46.1)
// Firmware Version: 4.3.5
PacketCounter	Acc_X	Acc_Y	Acc_Z	Gyr_X	Gyr_Y	Gyr_Z	Roll	Pitch	Yaw
23373	9.282230	3.479392	0.716827	0.051021	-0.008709	0.006120	78.338690	-69.055092	26.417706
23374	9.321907	3.443784	0.701766	0.045847	-0.007650	0.002694	78.463682	-69.341291	25.445688
23375	9.336553	3.471944	0.713892	0.038802	-0.002997	-0.000774	78.407689	-69.196057	25.952974
23376	9.357166	3.450185	0.650186	0.039604	-0.003225	-0.002052	78.435766	-69.195276	25.947214
23377	9.332125	3.433975	0.665771	0.040394	0.003226	-0.006461	78.457321	-69.190912	25.948590
23378	9.356729	3.451800	0.647904	0.038000	0.006413	-0.008573	78.472206	-69.185364	25.955958
23379	9.356349	3.452937	0.647329	0.039059	0.009731	-0.010384	78.483717	-69.178547	25.967636
23380	9.341311	3.426259	0.633199	0.038247	0.016646	-0.012240	78.484742	-69.169771	25.989984
23381	9.347677	3.473701	0.619497	0.027868	0.020447	-0.010335	78.474824	-69.162011	26.017840
23382	9.297244	3.441569	0.654305	0.022988	0.016647	-0.019922	78.469441	-69.148920	26.037694
23383	9.245936	3.473904	0.646538	0.015528	0.017680	-0.013835	78.458872	-69.139714	26.058855
23384	9.273682	3.434964	0.614038	0.005316	0.014856	-0.017824	78.445403	-69.128005	26.076529
23385	9.279916	3.402415	0.591460	0.001863	0.014723	-0.018128	78.434426	-69.116860	26.089987
23386	9.307559	3.363832	0.559310	-0.001057	0.017488	-0.022312	78.414822	-69.102325	26.110322
23387	9.270697	3.344191	0.556642	0.005327	0.017346	-0.023773	78.406959	-69.088821	26.123018
23388	9.309320	3.311005	0.545605	0.011839	0.018979	-0.025500	78.393562	-69.072322	26.144623
23389	9.282598	3.360942	0.521329	0.017677	0.022619	-0.026218	78.389930	-69.058793	26.160934
23390	9.271217	3.374581	0.553567	0.017297	0.017302	-0.025415	78.382135	-69.042534	26.179893
23391	9.302892	3.375561	0.566250	0.014341	0.021781	-0.020841	78.381541	-69.033801	26.191637
23392	9.280566	3.383833	0.577342	0.006404	0.013993	-0.022449	78.371486	-69.019587	26.206336
23393	9.257628	3.375921	0.536195	-0.002108	0.014180	-0.020507	78.376868	-69.013586	26.202190
23394	9.286112	3.353279	0.556084	-0.004770	0.011327	-0.016140	78.362428	-69.003221	26.214729
23395	9.271058	3.326744	0.543119	-0.000640	0.009461	-0.016842	78.380106	-69.001820	26.199041
23396	9.256082	3.300085	0.529730	0.007862	0.006794	-0.012833	78.378538	-68.993834	26.205544
23397	9.266091	3.290141	0.498958	0.014643	0.005300	-0.011952	78.414636	-68.998236	26.180456
23398	9.233704	3.308685	0.539653	0.016772	0.005256	-0.012437	78.420292	-68.990653	26.184690
23399	9.291291	3.341812	0.586043	0.027937	0.005450	-0.012794	78.468950	-68.997139	26.155232
23400	9.268731	3.333214	0.543164	0.026487	0.003492	-0.013317	78.482985	-68.989270	26.156455
23401	9.264520	3.392001	0.559190	0.023838	0.003122	-0.014901	78.538651	-68.997386	26.117041
23402	9.263983	3.393532	0.558802	0.020510	0.004757	-0.015477	78.548022	-68.988157	26.119596
23403	9.281512	3.366009	0.555978	0.019469	0.003923	-0.019614	78.604382	-68.995539	26.077116
23404	9.284777	3.407175	0.600566	0.017215	0.002194	-0.018860	78.616574	-68.984707	26.074628
23405	9.298254	3.340815	0.552544	0.019785	-0.000919	-0.025766	78.688744	-68.989530	26.015582
23406	9.311782	3.371398	0.565982	0.022812	0.004785	-0.024992	78.702108	-68.974941	26.015281
23407	9.297099	3.361980	0.603593	0.031726	0.003262	-0.024593	78.777511	-68.983253	25.961095
23408	9.288485	3.382672	0.574487	0.035715	0.006315	-0.028171	78.796919	-68.966703	25.962230
23409	9.277039	3.396630	0.604680	0.038242	0.004924	-0.026318	78.869221	-68.972386	25.914715
23410	9.279457	3.422320	0.596666	0.033985	0.005013	-0.025348	78.888629	-68.957563	25.914803
23411	9.271430	3.459027	0.619714	0.030248	0.005519	-0.022311	78.960025	-68.966371	25.864059
23412	9.285450	3.409140	0.624190	0.025198	0.008314	-0.026021	78.969717	-68.950789	25.869168
23413	9.298962	3.439527	0.638151	0.015467	0.007582	-0.019191	79.026244	-68.965520	25.824563
23414	9.269548	3.385199	0.610648	0.015195	0.010715	-0.021803	79.025496	-68.952065	25.834696
23415	9.290244	3.381250	0.601492	0.019703	0.014190	-0.023315	79.069475	-68.962081	25.806496
23416	9.267848	3.389677	0.611610	0.025042	0.010756	-0.022948	79.074617	-68.948004	25.816349
23417	9.269779	3.398760	0.552468	0.024647	0.012115	-0.025288	79.124349	-68.954727	25.784462
23418	9.272554	3.440805	0.597659	0.020798	0.013320	-0.027937	79.124672	-68.937570	25.796878
23419	9.246227	3.410190	0.563179	0.010312	0.011086	-0.028590	79.162540	-68.942224	25.769182
23420	9.277701	3.411991	0.575349	0.002763	0.008583	-0.031003	79.160244	-68.923879	25.773342
23421	9.273415	3.391574	0.583293	-0.002030	0.005758	-0.026146	79.198972	-68.934530	25.736790
23422	9.290723	3.364931	0.581741	-0.009212	0.008580	-0.029378	79.189324	-68.917151	25.741466
23423	9.300364	3.356062	0.551916	-0.007779	0.008069	-0.022900	79.233250	-68.922237	25.699904
23424	9.317916	3.328764	0.550787	-0.000154	0.016558	-0.017960	79.214008	-68.910402	25.720414
23425	9.295283	3.320130	0.509823	0.003180	0.014940	-0.017378	79.239587	-68.920738	25.703720
23426	9.294680	3.321627	0.511054	0.008476	0.015712	-0.014207	79.225449	-68.911127	25.724065
23427	9.272549	3.329133	0.521812	0.009161	0.013709	-0.015210	79.260086	-68.926055	25.701339
23428	9.304819	3.346212	0.586325	0.009452	0.013062	-0.018554	79.251566	-68.914305	25.716255
23429	9.311546	3.313596	0.563160	0.008725	0.002404	-0.016918	79.300462	-68.927789	25.677872
23430	9.246184	3.333638	0.592318	0.010703	0.007280	-0.020287	79.301525	-68.915690	25.683298
23431	9.241872	3.296159	0.547677	0.016975	0.005402	-0.021462	79.364991	-68.934663	25.627912
23432	9.281046	3.263077	0.535385	0.023248	0.003526	-0.022636	79.379410	-68.921610	25.626709
23433	9.305114	3.282231	0.517934	0.032925	0.006015	-0.020702	79.422909	-68.937048	25.610580
23434	9.336978	3.283326	0.528951	0.045372	0.010673	-0.017456	79.438024	-68.926249	25.622217
23435	9.343128	3.347692	0.566073	0.048898	0.016823	-0.014624	79.484876	-68.945708	25.608069
23436	9.292023	3.395635	0.608877	0.047801	0.017710	-0.010006	79.489001	-68.938393	25.632981
23437	9.255857	3.374565	0.604816	0.041409	0.017814	-0.008561	79.525955	-68.959907	25.626128
23438	9.255507	3.375511	0.604902	0.036787	0.012552	-0.006772	79.530391	-68.954983	25.643944
23439	9.251992	3.353322	0.612069	0.038800	0.010748	-0.006978	79.572956	-68.976938	25.633171
23440	9.273362	3.347879	0.602258	0.039144	0.013608	-0.001844	79.575841	-68.974744	25.654072
23441	9.300965	3.371701	0.525783	0.041277	0.013582	-0.002325	79.623462	-69.006362	25.632402
23442	9.297855	3.365752	0.584951	0.046867	0.013724	-0.002495	79.630848	-69.003832	25.653163
23443	9.308395	3.354751	0.554098	0.043360	0.017773	-0.000019	79.657418	-69.028360	25.654457
23444	9.300824	3.389456	0.577642	0.045495	0.017750	-0.000500	79.657478	-69.026550	25.682241
23445	9.322341	3.383487	0.568554	0.037843	0.023638	0.002656	79.667502	-69.054273	25.701687
23446	9.300705	3.389570	0.578871	0.039736	0.020059	0.002732	79.659912	-69.054127	25.734116
23447	9.300596	3.389777	0.579411	0.040964	0.020956	-0.002162	79.682952	-69.077749	25.737233
23448	9.289539	3.384791	0.558746	0.044936	0.021562	0.000219	79.676757	-69.076047	25.771352
23449	9.261314	3.345331	0.583287	0.053405	0.015460	-0.004204	79.713324	-69.091770	25.776560
23450	9.299824	3.374574	0.527531	0.061941	0.015354	-0.006123	79.727701	-69.087171	25.799076
23451	9.267197	3.393110	0.567196	0.065523	0.017317	-0.006090	79.779816	-69.118496	25.777339
23452	9.251762	3.446087	0.561231	0.060450	0.017618	-0.003859	79.789464	-69.114977	25.803943
23453	9.251558	3.446728	0.560655	0.058078	0.014103	-0.002817	79.840076	-69.139923	25.794614
23454	9.240666	3.458766	0.590905	0.049667	0.016003	-0.001184	79.845338	-69.138186	25.819201
23455	9.251274	3.447603	0.559960	0.049670	0.016012	-0.001184	79.870436	-69.159107	25.826722
23456	9.294385	3.435625	0.540987	0.047090	0.021612	-0.000281	79.865608	-69.157376	25.860520
23457	9.272675	3.441966	0.550876	0.044027	0.020101	0.001752	79.895852	-69.172829	25.865852
23458	9.254220	3.471210	0.553272	0.037113	0.019754	0.001120	79.887778	-69.172110	25.896951
23459	9.275788	3.465105	0.544320	0.031401	0.017831	0.001565	79.902730	-69.194149	25.904353
23460	9.275740	3.465133	0.544961	0.020907	0.015523	0.000899	79.891694	-69.193810	25.928647
23461	9.254091	3.471227	0.555322	0.012368	0.015633	0.002810	79.913927	-69.207018	25.914454
23462	9.264883	3.459412	0.525576	0.007345	0.011694	0.002267	79.900566	-69.207778	25.932892
23463	9.283212	3.430255	0.524818	-0.004621	0.014077	-0.002116	79.914853	-69.222239	25.915644
23464	9.261527	3.436394	0.535481	-0.005407	0.007632	0.002361	79.900332	-69.223458	25.927453
23465	9.255013	3.390400	0.551469	-0.004295	0.006732	-0.002250	79.928106	-69.235269	25.900761
23466	9.247305	3.408083	0.523515	-0.006430	0.006759	-0.001773	79.915563	-69.234257	25.909755
23467	9.258057	3.413640	0.545582	-0.008564	0.006786	-0.001296	79.911628	-69.247563	25.913737
23468	9.257945	3.413788	0.546558	-0.007631	0.008334	-0.002852	79.896210	-69.245837	25.925099
23469	9.268672	3.419363	0.568810	-0.014157	0.006637	-0.001138	79.917738	-69.268154	25.888228
23470	9.246952	3.408438	0.527409	-0.016535	0.003107	-0.000093	79.904475	-69.268583	25.891721
23471	9.283732	3.367159	0.576429	-0.021193	0.004505	-0.001491	79.905887	-69.279624	25.879382
23472	9.268479	3.402212	0.520266	-0.016860	0.010456	0.000044	79.881417	-69.279404	25.894664
23473	9.272779	3.361604	0.557892	-0.019870	0.004712	-0.000696	79.884391	-69.307301	25.871324
23474	9.283525	3.350000	0.528318	-0.014155	0.006641	-0.001137	79.867505	-69.306961	25.880075
23475	9.250875	3.351072	0.517617	-0.013552	0.005310	-0.007816	79.857514	-69.314885	25.896827
23476	9.312300	3.327235	0.549485	-0.008772	0.005691	-0.006701	79.846454	-69.311628	25.902665
23477	9.298002	3.299365	0.536469	-0.001979	0.004264	-0.005780	79.887168	-69.327567	25.852589
23478	9.308622	3.305313	0.558015	0.011972	0.006750	-0.004785	79.886201	-69.325344	25.860204
23479	9.308399	3.305883	0.558356	0.021386	0.012415	-0.005472	79.897747	-69.336585	25.865984
23480	9.289742	3.335722	0.560302	0.025983	0.005015	-0.006563	79.907850	-69.333620	25.870322
23481	9.271075	3.365602	0.562075	0.025536	0.010587	-0.006142	79.930302	-69.349301	25.861217
23482	9.267602	3.343277	0.569616	0.030195	0.009193	-0.004743	79.936135	-69.347055	25.872636
23483	9.285745	3.314927	0.567498	0.032635	0.008502	-0.008558	79.955475	-69.355000	25.866359
23484	9.263724	3.322175	0.576661	0.042742	0.012167	-0.010234	79.965409	-69.349353	25.881115
23485	9.284997	3.317180	0.566562	0.044395	0.005030	-0.009571	79.979227	-69.360453	25.905842
23486	9.261921	3.387805	0.531044	0.049808	0.007640	-0.006673	79.998797	-69.357423	25.914661
23487	9.308183	3.416340	0.555685	0.044156	0.011720	-0.003751	80.030542	-69.368383	25.905329
23488	9.318794	3.422425	0.576525	0.045602	0.013713	-0.003242	80.037760	-69.366715	25.924737
23489	9.340343	3.399534	0.515054	0.037752	0.011807	-0.002326	80.049451	-69.384235	25.938335
23490	9.304509	3.377634	0.510942	0.035860	0.015396	-0.002424	80.048255	-69.383008	25.960744
23491	9.304348	3.378043	0.511164	0.035862	0.015401	-0.002424	80.060920	-69.408295	25.963300
23492	9.296625	3.395874	0.482596	0.032405	0.015221	-0.002746	80.058080	-69.407116	25.985262
23493	9.263920	3.414188	0.523000	0.026811	0.015064	-0.002593	80.078546	-69.421437	25.972317
23494	9.299469	3.436831	0.527303	0.019287	0.005798	-0.001797	80.082213	-69.421784	25.979232
23495	9.285223	3.408926	0.513964	0.011208	0.009445	-0.009504	80.099777	-69.429714	25.961617
23496	9.287999	3.450040	0.558629	0.008258	0.009702	-0.007759	80.092891	-69.426347	25.973015
23497	9.227188	3.394524	0.520234	0.001282	0.003318	-0.010876	80.127473	-69.437399	25.932692
23498	9.256110	3.354737	0.488124	0.004233	0.003063	-0.012621	80.129765	-69.432044	25.931698
23499	9.274090	3.326879	0.486479	0.007184	0.002808	-0.014365	80.150081	-69.440214	25.916339
23500	9.298514	3.344938	0.469512	0.014852	0.007183	-0.012231	80.152170	-69.434793	25.922010
23501	9.297975	3.363313	0.521834	0.014216	0.015211	-0.008777	80.164802	-69.440305	25.908718
23502	9.289960	3.398776	0.545637	0.012466	0.013896	-0.005948	80.153868	-69.437780	25.926804
23503	9.257282	3.399843	0.534978	0.006805	0.017967	-0.003037	80.148645	-69.448636	25.934454
23504	9.271094	3.428644	0.549652	0.002863	0.010660	-0.002206	80.136113	-69.448612	25.948337
23505	9.253781	3.377325	0.544783	-0.001411	0.010705	-0.001259	80.127494	-69.458711	25.960268
23506	9.290545	3.319354	0.542329	-0.002546	0.008040	-0.005103	80.116486	-69.457369	25.969223
23507	9.304489	3.330993	0.504817	0.004372	0.008416	-0.004457	80.144152	-69.457131	25.937062
23508	9.315055	3.337023	0.526484	0.009847	0.006801	-0.004318	80.142118	-69.456275	25.943966
23509	9.304068	3.332052	0.505588	0.013736	0.008096	-0.007620	80.158372	-69.473219	25.926624
23510	9.302483	3.413432	0.513486	0.018759	0.012057	-0.007077	80.154292	-69.470450	25.941084
23511	9.320600	3.385212	0.512229	0.015488	0.009415	-0.010448	80.175786	-69.473924	25.932771
23512	9.306060	3.375012	0.550941	0.009077	0.009481	-0.009030	80.170654	-69.470359	25.942375
23513	9.298173	3.393251	0.522675	0.005618	0.009292	-0.009354	80.173916	-69.472572	25.938496
23514	9.272839	3.377530	0.540557	0.004032	0.012201	-0.012797	80.162740	-69.466606	25.951489
23515	9.294072	3.372467	0.532184	0.000958	0.010674	-0.010765	80.139947	-69.468338	25.986898
23516	9.282919	3.367884	0.511875	-0.000484	0.008683	-0.011273	80.130844	-69.463612	25.995000
23517	9.314835	3.368619	0.524455	0.002780	0.007756	-0.016352	80.141242	-69.473023	25.974017
23518	9.297248	3.318268	0.519336	-0.002236	0.007366	-0.008445	80.132403	-69.470137	25.980712
23519	9.270909	3.365470	0.492965	-0.004253	0.009169	-0.008262	80.121017	-69.480865	25.989701
23520	9.242294	3.343712	0.570172	-0.007688	0.002296	-0.005363	80.115783	-69.480320	25.989217
23521	9.285776	3.314456	0.500094	-0.011387	-0.001457	-0.005110	80.136318	-69.487852	25.955791
23522	9.314862	3.291266	0.520150	-0.004299	0.006724	-0.002279	80.125632	-69.488638	25.963156
23523	9.321189	3.337235	0.505594	-0.005931	0.007187	0.000260	80.122994	-69.503192	25.955726
23524	9.320924	3.354438	0.558347	-0.007443	0.009431	0.002509	80.105132	-69.506488	25.968809
23525	9.328661	3.319651	0.536817	-0.006771	0.014103	-0.001694	80.121289	-69.516572	25.929701
23526	9.320830	3.354235	0.561122	-0.008139	0.011445	0.003490	80.099990	-69.520246	25.945915
23527	9.285272	3.331421	0.558397	-0.005256	0.015431	0.004508	80.095432	-69.539336	25.948436
23528	9.307027	3.324922	0.550315	-0.005426	0.007631	0.002326	80.081857	-69.542862	25.957971
23529	9.321282	3.335832	0.513092	-0.006121	0.009645	0.003307	80.098930	-69.551908	25.935018
23530	9.296364	3.318860	0.531240	-0.005689	0.010753	-0.000319	80.081403	-69.553647	25.948520
23531	9.328727	3.318257	0.544229	-0.004488	0.009183	0.000768	80.103962	-69.569876	25.913886
23532	9.293051	3.295845	0.541097	0.000028	0.012705	-0.000751	80.087127	-69.571283	25.930003
23533	9.303624	3.301633	0.563252	0.003558	0.008658	-0.003183	80.105817	-69.582933	25.903165
23534	9.306746	3.324717	0.556276	0.011604	0.011704	0.001319	80.096740	-69.585674	25.917994
23535	9.263320	3.336936	0.575448	0.011363	0.008140	0.001896	80.109333	-69.601959	25.899140
23536	9.302495	3.364793	0.520839	0.014367	0.013909	0.002627	80.098202	-69.605297	25.917793
23537	9.277575	3.347869	0.538501	0.011484	0.009924	0.001607	80.106339	-69.621046	25.902786
23538	9.274348	3.324865	0.546732	0.010163	0.009714	0.000809	80.099693	-69.623844	25.914037
23539	9.271088	3.301938	0.555023	0.012423	0.011476	0.000049	80.118648	-69.637217	25.890226
23540	9.306945	3.307189	0.508013	0.014753	0.008999	-0.003468	80.117017	-69.637739	25.898843
23541	9.328007	3.319190	0.550848	0.024800	0.013360	-0.010820	80.129215	-69.643451	25.886510
23542	9.330794	3.343239	0.543729	0.020646	0.015185	-0.010170	80.123360	-69.639624	25.903206
23543	9.290126	3.379632	0.555137	0.026940	0.013346	-0.011290	80.141850	-69.653994	25.892196
23544	9.290051	3.363411	0.503833	0.020024	0.012964	-0.011949	80.139582	-69.649537	25.904588
23545	9.317423	3.421527	0.531432	0.009594	0.009942	-0.006954	80.132106	-69.660798	25.908308
23546	9.313971	3.399121	0.539945	0.003802	0.012228	-0.003769	80.119398	-69.661109	25.921928
23547	9.281405	3.399950	0.529095	-0.007513	0.010098	-0.003201	80.107014	-69.664227	25.937017
23548	9.299419	3.388312	0.580651	-0.017702	0.010640	0.001212	80.083034	-69.667498	25.949539
23549	9.336362	3.330120	0.579040	-0.016568	0.009734	-0.003392	80.065588	-69.684924	25.947066
23550	9.293204	3.325062	0.547507	-0.022360	0.012021	-0.000208	80.037159	-69.687381	25.961451
23551	9.317525	3.359504	0.584020	-0.012550	0.012821	-0.006976	80.036828	-69.706828	25.921245
23552	9.317213	3.360134	0.585381	-0.013414	0.007029	-0.008176	80.023389	-69.705431	25.925005
23553	9.295102	3.367088	0.595952	-0.017132	0.009961	-0.011153	80.025337	-69.706595	25.909709
23554	9.308529	3.396524	0.611208	-0.023426	0.011805	-0.010038	79.999498	-69.703688	25.920524
23555	9.297493	3.391642	0.591932	-0.027702	0.011847	-0.009101	79.996954	-69.710326	25.901312
23556	9.293951	3.369241	0.601708	-0.036374	0.010145	-0.006941	79.965570	-69.709394	25.910042
23557	9.286195	3.387083	0.575142	-0.037451	0.013506	-0.008318	79.938155	-69.717574	25.915302
23558	9.303918	3.375815	0.627698	-0.039829	0.009964	-0.007274	79.905192	-69.716547	25.923564
23559	9.293484	3.353263	0.557360	-0.050155	0.015421	-0.005799	79.871638	-69.733317	25.908284
23560	9.289948	3.330674	0.568251	-0.050412	0.018558	-0.008443	79.819876	-69.730893	25.930042
23561	9.314496	3.348132	0.554537	-0.052590	0.012566	-0.010452	79.792908	-69.740839	25.901946
23562	9.271105	3.343743	0.524293	-0.053285	0.014589	-0.009471	79.745932	-69.738313	25.916780
23563	9.267519	3.321364	0.534867	-0.054842	0.010821	-0.009701	79.718102	-69.750016	25.895884
23564	9.323909	3.355550	0.584470	-0.052123	0.007012	-0.010865	79.683831	-69.747578	25.897819
23565	9.345226	3.350280	0.577612	-0.059652	0.004426	-0.013319	79.669061	-69.753897	25.868519
23566	9.298042	3.340350	0.605957	-0.055493	0.002611	-0.013969	79.640571	-69.750235	25.862164
23567	9.276340	3.330313	0.565572	-0.062401	0.002249	-0.014639	79.619964	-69.751924	25.847579
23568	9.262109	3.302655	0.554074	-0.059261	0.003110	-0.010967	79.587769	-69.749942	25.842840
23569	9.315870	3.296709	0.559000	-0.054485	0.003513	-0.009831	79.562625	-69.757421	25.828058
23570	9.293839	3.303135	0.570449	-0.048591	0.006565	-0.004837	79.529543	-69.758596	25.830759
23571	9.321751	3.343326	0.548644	-0.046911	0.012135	-0.004881	79.510706	-69.778593	25.785539
23572	9.291676	3.384282	0.583862	-0.052559	0.012675	-0.010441	79.467720	-69.776112	25.796266
23573	9.293585	3.425579	0.631279	-0.057242	0.011247	-0.026018	79.439879	-69.777584	25.772368
23574	9.288103	3.469023	0.598007	-0.068251	0.005665	-0.042975	79.407955	-69.757601	25.761671
23575	9.278061	3.508443	0.623553	-0.074051	-0.007917	-0.073384	79.422117	-69.734573	25.694913
23576	9.291643	3.736034	0.588978	-0.071606	-0.014498	-0.125642	79.442543	-69.670250	25.626261
23577	9.447621	4.036585	0.660496	-0.101407	-0.036883	-0.215624	79.502968	-69.556890	25.491844
23578	9.500364	4.154008	0.494208	-0.141754	-0.056436	-0.309258	79.596103	-69.393395	25.302571
23579	9.408880	4.365323	0.206931	-0.151959	-0.086275	-0.434888	79.775241	-69.166363	25.027414
23580	9.426634	4.823170	-0.201462	-0.151697	-0.146210	-0.617840	80.068185	-68.837413	24.617375
23581	9.718778	5.480312	-0.104388	-0.145830	-0.182225	-0.847766	80.474777	-68.390777	24.072777
23582	9.916501	6.204367	-0.319969	-0.204204	-0.233255	-1.095867	80.941383	-67.797680	23.440535
23583	10.171689	6.593271	-0.200941	-0.382543	-0.331587	-1.366377	81.481591	-67.053601	22.610614
23584	10.397226	6.616319	-0.390590	-0.562956	-0.422876	-1.649198	82.029789	-66.158087	21.658631
23585	10.692806	6.329111	-0.362944	-0.729036	-0.528469	-1.864535	82.612024	-65.147972	20.534441
23586	10.874125	5.916829	-0.300525	-0.805921	-0.583349	-2.079768	83.161524	-64.011814	19.411479
23587	10.988705	5.912523	-0.176238	-0.833200	-0.622311	-2.270350	83.722385	-62.758121	18.225894
23588	10.843718	6.120140	-0.010286	-0.832532	-0.621617	-2.449402	84.195110	-61.404847	17.147655
23589	10.625957	6.245812	0.100430	-0.823739	-0.647988	-2.596915	84.689293	-59.953770	16.017472
23590	10.353673	6.433866	0.045855	-0.748326	-0.674165	-2.729128	85.140522	-58.435274	14.989311
23591	10.128501	7.134473	-0.021216	-0.705677	-0.679586	-2.859556	85.593779	-56.826958	13.956545
23592	9.754964	7.737578	-0.023028	-0.731631	-0.671635	-2.967713	85.931510	-55.164398	13.039660
23593	9.582529	8.368595	-0.142773	-0.749339	-0.748432	-3.053061	86.315074	-53.438587	11.987111
23594	9.716211	9.307753	-0.118038	-0.914076	-0.723012	-3.157433	86.480961	-51.663780	11.114312
23595	9.393726	8.973182	0.038146	-1.081760	-0.751443	-3.244068	86.561241	-49.838350	10.137431
23596	9.487124	8.934155	0.023061	-1.171287	-0.729404	-3.323734	86.501358	-47.967511	9.321868
23597	9.283852	8.872854	0.112433	-1.200250	-0.680860	-3.403799	86.402078	-46.041653	8.457663
23598	8.949565	8.383837	0.272259	-1.206628	-0.658312	-3.452707	86.216075	-44.096593	7.738919
23599	8.771841	8.359414	0.451864	-1.030993	-0.643924	-3.528337	86.142446	-42.104880	6.876192
23600	8.321370	8.717611	0.562207	-0.932952	-0.547284	-3.603609	86.003902	-40.071387	6.268172
23601	7.792611	9.005175	0.694301	-0.843629	-0.517033	-3.649881	85.927348	-38.020214	5.495893
23602	7.436309	8.974867	0.824602	-0.798177	-0.485825	-3.687206	85.793369	-35.938282	4.952180
23603	6.761463	8.932014	0.870763	-0.737607	-0.437663	-3.687121	85.679166	-33.865465	4.258139
23604	6.167883	8.873417	0.992212	-0.696503	-0.406452	-3.682521	85.533141	-31.784808	3.784413
23605	5.517544	8.796832	1.167986	-0.711267	-0.358030	-3.633729	85.361345	-29.725786	3.253259
23606	4.815900	8.768933	1.228850	-0.716104	-0.311186	-3.602997	85.140509	-27.688568	2.850956
23607	4.370900	8.627643	1.480701	-0.767581	-0.277442	-3.555238	84.876708	-25.674106	2.437238
23608	3.967890	8.455171	1.506782	-0.808800	-0.240627	-3.484947	84.559068	-23.703919	2.079184
23609	3.595171	8.171420	1.541154	-0.837441	-0.198461	-3.412541	84.209534	-21.765478	1.740592
23610	3.209778	7.870692	1.671782	-0.860503	-0.167728	-3.333906	83.826361	-19.881132	1.420894
23611	2.756858	7.415961	1.803881	-0.841519	-0.135561	-3.247100	83.441926	-18.037145	1.116184
23612	2.354464	6.936337	1.730141	-0.793603	-0.114567	-3.129615	83.069824	-16.269602	0.823293
23613	1.754708	6.761952	1.640182	-0.698412	-0.065990	-3.003090	82.737152	-14.563715	0.559595
23614	0.980289	7.059920	1.666073	-0.594460	-0.042175	-2.882839	82.451722	-12.934385	0.311590
23615	0.389617	7.530310	1.765339	-0.544537	-0.045438	-2.783635	82.188229	-11.353961	0.063256
23616	0.070647	7.869022	1.832188	-0.570641	-0.058453	-2.668731	81.904067	-9.849795	-0.189808
23617	-0.187371	8.292616	1.818646	-0.615053	-0.054240	-2.554043	81.586209	-8.401540	-0.437470
23618	-0.155020	8.416062	1.999858	-0.775433	-0.059262	-2.431480	81.171531	-7.034840	-0.686050
23619	-0.203730	8.120721	2.041724	-0.979667	-0.041192	-2.267094	80.630635	-5.750216	-0.919799
23620	-0.515848	7.621089	1.866286	-1.131223	-0.009413	-2.088708	79.997738	-4.577119	-1.131144
23621	-0.827950	7.306701	1.780386	-1.189659	-0.001468	-1.944425	79.324060	-3.474680	-1.335940
23622	-0.992644	7.063626	1.791677	-1.157280	-0.007828	-1.803590	78.667874	-2.466917	-1.541563
23623	-1.036823	6.966032	1.768425	-1.029480	-0.027479	-1.671295	78.078492	-1.524531	-1.753582
23624	-1.034011	7.053985	1.713035	-0.885196	-0.062898	-1.536243	77.571863	-0.677555	-1.978060
23625	-1.057549	7.071881	1.766281	-0.794189	-0.110709	-1.370127	77.110868	0.082948	-2.215457
23626	-1.109486	7.006934	1.776516	-0.767627	-0.168983	-1.175246	76.665557	0.710913	-2.465997
23627	-1.229783	6.937710	1.752720	-0.793312	-0.221554	-0.967016	76.199324	1.228816	-2.722866
23628	-1.427490	6.895989	1.767067	-0.846427	-0.280238	-0.756437	75.704064	1.604351	-2.987304
23629	-1.430767	6.841585	1.730092	-0.907108	-0.349297	-0.543845	75.168591	1.865395	-3.262873
23630	-1.337374	6.784537	1.761986	-0.966702	-0.413364	-0.321270	74.601572	1.975352	-3.542955
23631	-1.106705	6.505478	1.844292	-1.005562	-0.466165	-0.075105	74.008777	1.954941	-3.815148
23632	-1.020827	6.340153	1.970004	-0.965017	-0.499702	0.145321	73.443787	1.788732	-4.069949
23633	-0.806059	6.365063	2.187791	-0.816472	-0.537125	0.319556	72.961487	1.535193	-4.314882
23634	-0.492318	6.746316	2.244252	-0.592353	-0.566269	0.451971	72.612727	1.185721	-4.551297
23635	-0.064015	7.414852	2.338334	-0.358967	-0.582820	0.548709	72.395496	0.796044	-4.778328
23636	0.313938	8.108872	2.191928	-0.188700	-0.597632	0.645651	72.281487	0.333545	-4.995401
23637	0.513534	8.711933	2.106000	-0.125472	-0.611122	0.750193	72.201876	-0.172844	-5.200710
23638	0.681075	9.108128	2.166471	-0.192666	-0.652162	0.851953	72.089432	-0.758155	-5.409722
23639	0.938436	9.327039	2.159920	-0.333178	-0.678703	0.959304	71.895671	-1.392422	-5.612484
23640	1.165829	9.490868	2.216362	-0.504303	-0.685861	1.039849	71.608733	-2.087439	-5.802181
23641	1.243271	9.607688	2.445889	-0.654916	-0.692062	1.094350	71.235370	-2.800745	-5.981127
23642	1.167771	9.643796	2.597237	-0.759576	-0.701593	1.133237	70.805946	-3.551651	-6.153237
23643	1.324737	9.673787	2.795929	-0.786659	-0.708511	1.142085	70.361737	-4.297542	-6.321527
23644	1.676114	9.745211	2.978133	-0.772520	-0.711051	1.139391	69.928800	-5.056140	-6.486332
23645	1.943708	9.786216	3.058534	-0.766503	-0.704761	1.148673	69.499717	-5.808380	-6.640068
23646	2.126263	9.773961	3.122336	-0.760554	-0.697832	1.147803	69.075829	-6.571177	-6.785012
23647	2.120665	9.627497	3.194270	-0.765557	-0.708457	1.154470	68.650611	-7.330751	-6.928566
23648	2.252614	9.446751	2.962285	-0.774080	-0.721913	1.155362	68.222862	-8.104702	-7.073879
23649	2.492962	9.338584	3.014679	-0.756078	-0.724607	1.155705	67.807091	-8.871558	-7.214888
23650	2.815366	9.363557	3.166942	-0.734186	-0.729797	1.138789	67.405595	-9.640455	-7.357305
23651	3.123371	9.466159	3.281359	-0.712835	-0.723139	1.104909	67.018972	-10.383317	-7.498635
23652	3.364220	9.672522	3.430928	-0.704592	-0.699197	1.073748	66.635949	-11.112894	-7.629580
23653	3.383079	9.801888	3.601611	-0.751408	-0.677000	1.039999	66.227485	-11.814394	-7.751722
23654	3.327483	9.767565	3.698603	-0.835087	-0.648990	1.018753	65.767817	-12.505271	-7.858733
23655	3.202712	9.505049	3.802710	-0.921532	-0.630259	0.995241	65.259709	-13.175372	-7.955909
23656	3.119619	9.060388	3.799511	-0.932356	-0.613704	0.967608	64.742581	-13.832861	-8.045016
23657	3.156945	8.612449	3.734162	-0.879381	-0.603929	0.957129	64.257209	-14.479174	-8.126173
23658	3.238181	8.213705	3.709615	-0.775007	-0.593676	0.965819	63.826813	-15.132078	-8.194191
23659	3.351659	7.999089	3.751306	-0.659486	-0.573784	0.980819	63.460926	-15.784805	-8.243550
23660	3.383733	8.049475	3.887305	-0.561785	-0.552485	0.997808	63.143412	-16.444275	-8.272704
23661	3.475245	8.219225	3.936346	-0.493955	-0.511757	1.009913	62.859582	-17.097025	-8.273823
23662	3.580782	8.321163	3.980605	-0.454234	-0.467367	1.026495	62.586334	-17.749005	-8.242867
23663	3.666582	8.349655	4.034431	-0.412157	-0.420239	1.025842	62.331001	-18.386238	-8.184232
23664	3.690211	8.252128	4.034040	-0.356807	-0.396305	1.026283	62.098717	-19.018845	-8.108981
23665	3.666708	7.968040	3.913353	-0.269138	-0.384285	1.045534	61.914149	-19.656465	-8.019794
23666	3.625321	7.766645	3.900980	-0.183930	-0.383178	1.080048	61.769936	-20.312206	-7.917050
23667	3.686500	7.633812	3.834535	-0.123969	-0.383469	1.125939	61.656929	-20.990185	-7.799979
23668	3.918571	7.586398	3.737702	-0.076233	-0.369661	1.180835	61.557373	-21.692645	-7.656635
23669	4.138849	7.621154	3.865613	-0.065174	-0.342552	1.236684	61.453557	-22.415266	-7.481031
23670	4.222422	7.547912	3.841153	-0.071652	-0.332978	1.286649	61.331654	-23.160385	-7.281863
23671	4.330129	7.469367	3.860781	-0.067248	-0.314120	1.349612	61.200718	-23.931771	-7.051661
23672	4.437337	7.396846	3.990670	-0.028487	-0.295548	1.408072	61.072491	-24.726641	-6.789027
23673	4.507685	7.313298	3.999564	0.026331	-0.288062	1.435730	60.969295	-25.533562	-6.511564
23674	4.808020	7.157938	3.801447	0.083023	-0.277570	1.483653	60.880671	-26.360387	-6.208752
23675	5.009838	7.194418	3.719712	0.117468	-0.267834	1.566084	60.795871	-27.226629	-5.872452
23676	5.134672	7.235064	3.736486	0.084368	-0.277310	1.655529	60.670888	-28.138378	-5.507337
23677	5.405150	7.381471	3.752610	0.006632	-0.286122	1.761425	60.483335	-29.106523	-5.108795
23678	5.827473	7.544832	3.926409	-0.077071	-0.269466	1.842758	60.215911	-30.107096	-4.664376
23679	6.303433	7.784632	4.177758	-0.145008	-0.235490	1.863193	59.888328	-31.108691	-4.184822
23680	6.688125	7.719663	4.203733	-0.210247	-0.189636	1.849354	59.493962	-32.084941	-3.669112
23681	6.847665	7.318704	4.053636	-0.201850	-0.149552	1.787120	59.093383	-33.019145	-3.140151
23682	6.831805	6.732732	3.677568	-0.126280	-0.122681	1.733826	58.719038	-33.912796	-2.599213
23683	6.708705	6.354258	3.424076	0.011194	-0.125195	1.691542	58.423901	-34.788333	-2.065317
23684	6.835727	6.346726	3.417087	0.163227	-0.144025	1.627788	58.218729	-35.632053	-1.553663
23685	7.027258	6.425085	3.576059	0.223916	-0.151255	1.566182	58.058242	-36.452179	-1.063186
23686	7.269811	6.632060	3.784729	0.202095	-0.159161	1.505200	57.886679	-37.238393	-0.590125
23687	7.502642	6.752197	3.961017	0.105088	-0.134872	1.475104	57.652446	-38.007714	-0.108059
23688	7.412183	6.945462	4.105779	-0.042277	-0.108199	1.449449	57.313522	-38.748040	0.392906
23689	7.290524	6.895312	4.038485	-0.209964	-0.101835	1.418092	56.876900	-39.475746	0.894042
23690	7.241238	6.700949	3.995753	-0.321251	-0.113524	1.365090	56.376790	-40.171440	1.381796
23691	7.226553	6.461214	3.979993	-0.363263	-0.138693	1.298997	55.873516	-40.847898	1.835957
23692	7.324020	6.243026	3.990306	-0.378392	-0.147000	1.233821	55.365822	-41.485662	2.272296
23693	7.387962	6.081177	4.109301	-0.388140	-0.146774	1.165820	54.866660	-42.096297	2.687426
23694	7.408333	6.079518	4.231006	-0.409043	-0.134323	1.108281	54.351287	-42.665329	3.098883
23695	7.477129	6.004298	4.198461	-0.453760	-0.112382	1.046060	53.815607	-43.203400	3.503264
23696	7.439077	5.894625	4.155116	-0.530058	-0.112333	0.976201	53.243231	-43.698264	3.888616
23697	7.300606	5.773332	4.243439	-0.588353	-0.104128	0.913447	52.650983	-44.167038	4.255911
23698	7.260522	5.792911	4.265723	-0.627429	-0.091741	0.830506	52.044958	-44.582736	4.603211
23699	7.152253	5.871066	4.368201	-0.674371	-0.083275	0.719879	51.445107	-44.951352	4.905808
23700	7.007355	5.789202	4.267733	-0.717923	-0.091968	0.582403	50.861941	-45.251159	5.143236
23701	6.952034	5.586256	4.330160	-0.707178	-0.106645	0.427281	50.349942	-45.494118	5.292903
23702	7.012386	5.326666	4.387767	-0.685267	-0.133158	0.267596	49.913703	-45.667586	5.348873
23703	7.243535	5.087756	4.382651	-0.682606	-0.143239	0.167897	49.525740	-45.808817	5.344091
23704	7.527060	4.835629	4.338949	-0.697642	-0.138707	0.122987	49.137660	-45.920954	5.322816
23705	7.721549	4.859873	4.321608	-0.701267	-0.111468	0.126722	48.738768	-46.032552	5.318223
23706	7.755915	4.952861	4.386963	-0.753429	-0.098580	0.148436	48.289265	-46.140588	5.337930
23707	7.681622	5.097497	4.390253	-0.795649	-0.085061	0.169444	47.805695	-46.260557	5.375649
23708	7.570121	5.006486	4.414686	-0.831723	-0.089937	0.183848	47.291151	-46.379983	5.423194
23709	7.500325	4.687910	4.442827	-0.808844	-0.086807	0.196600	46.787399	-46.511639	5.478231
23710	7.433338	4.355012	4.542579	-0.711777	-0.095319	0.191071	46.338473	-46.635615	5.529861
23711	7.441729	4.313780	4.655346	-0.591373	-0.084902	0.183461	45.961304	-46.760618	5.581703
23712	7.514714	4.322515	4.778736	-0.512756	-0.086211	0.166300	45.630889	-46.870302	5.626992
23713	7.567869	4.100275	4.778449	-0.468266	-0.084982	0.148399	45.337017	-46.980688	5.660744
23714	7.634757	3.982611	4.721701	-0.400789	-0.071088	0.125819	45.080249	-47.067491	5.692908
23715	7.607129	3.955087	4.808572	-0.338742	-0.055415	0.088641	44.871887	-47.141684	5.710598
23716	7.609817	3.883335	4.706334	-0.303369	-0.050446	0.050497	44.694181	-47.189534	5.710997
23717	7.592607	3.856482	4.719019	-0.226871	-0.037798	0.023780	44.569573	-47.230578	5.701318
23718	7.519912	3.921100	4.708078	-0.170507	-0.034749	-0.016536	44.490551	-47.245087	5.670995
23719	7.479134	4.073724	4.775205	-0.119613	-0.033687	-0.051658	44.458196	-47.254392	5.618890
23720	7.542414	4.368741	4.878106	-0.086213	-0.029445	-0.083724	44.454879	-47.239801	5.551249
23721	7.627760	4.507486	4.956271	-0.133618	-0.028340	-0.111376	44.438113	-47.223015	5.466646
23722	7.770569	4.350066	4.958556	-0.149494	-0.024885	-0.099300	44.403398	-47.200347	5.392350
23723	7.748383	4.419517	5.034475	-0.119107	-0.014247	-0.103616	44.384991	-47.180966	5.321006
23724	7.719736	4.580034	5.065153	-0.113155	-0.009607	-0.115195	44.371440	-47.145715	5.246187
23725	7.674405	4.529329	5.126717	-0.112702	-0.002015	-0.109829	44.353710	-47.118838	5.178600
23726	7.738967	4.407435	5.126488	-0.100251	0.008374	-0.093276	44.330042	-47.085035	5.127612
23727	7.587158	4.427689	5.159013	-0.061526	0.027766	-0.086419	44.317965	-47.055306	5.091955
23728	7.461949	4.471964	5.126980	-0.029661	0.037611	-0.084225	44.318118	-47.013160	5.063632
23729	7.406389	4.253822	5.112686	0.017027	0.039372	-0.087049	44.345788	-46.978303	5.034772
23730	7.439797	4.097373	5.015281	0.094196	0.048736	-0.091477	44.415203	-46.928679	5.008743
23731	7.503800	4.207063	5.049930	0.184359	0.062824	-0.089077	44.528745	-46.883325	4.993059
23732	7.450795	4.579981	4.996013	0.190957	0.076413	-0.098469	44.644507	-46.819536	4.979452
23733	7.502721	4.580224	4.866164	0.130047	0.081073	-0.077316	44.713308	-46.771387	4.982101
23734	7.473215	4.728497	4.972347	0.073731	0.093263	-0.065546	44.740234	-46.713995	4.998226
23735	7.301447	4.821332	4.984641	0.000091	0.100772	-0.088816	44.730907	-46.653121	5.005813
23736	7.276645	4.565016	4.912917	-0.057171	0.098264	-0.093500	44.692805	-46.582426	5.008248
23737	7.358121	4.268442	4.826550	-0.041476	0.098612	-0.113893	44.671312	-46.512163	4.999694
23738	7.303622	4.243548	4.812581	0.019430	0.099542	-0.152149	44.701741	-46.417320	4.968146
23739	7.188326	4.409363	4.761602	0.081680	0.098408	-0.203985	44.788846	-46.310830	4.906729
23740	7.131472	4.617653	4.690942	0.125276	0.091980	-0.274543	44.934532	-46.169529	4.799449
23741	7.070658	4.803200	4.663763	0.130000	0.083913	-0.385747	45.130762	-45.994965	4.624636
23742	6.975280	4.802269	4.535914	0.107980	0.069782	-0.503929	45.369316	-45.768784	4.373543
23743	7.117815	4.602609	4.308902	0.062127	0.057271	-0.610265	45.626834	-45.512090	4.057530
23744	7.341728	4.360181	4.165246	0.038653	0.040955	-0.706962	45.914496	-45.212498	3.679364
23745	7.487323	4.268004	3.946062	0.031735	0.025953	-0.805607	46.238333	-44.885654	3.242058
23746	7.616860	4.275763	3.770133	0.060780	-0.002189	-0.926594	46.632576	-44.508855	2.725978
23747	7.603184	4.368896	3.576210	0.117953	-0.051462	-1.090481	47.134096	-44.089452	2.099566
23748	7.421857	4.635190	3.497826	0.197492	-0.116399	-1.289293	47.770793	-43.597352	1.338609
23749	7.163684	5.006344	3.511742	0.259117	-0.196891	-1.512983	48.541142	-43.044000	0.427822
23750	7.313348	5.387387	3.600853	0.286651	-0.280426	-1.714282	49.409677	-42.415464	-0.615364
23751	7.612992	5.466591	3.762639	0.248081	-0.340369	-1.847852	50.301612	-41.749436	-1.737319
23752	7.943674	4.994499	3.546966	0.202722	-0.381377	-1.907734	51.173730	-41.048420	-2.885826
23753	8.057240	4.620302	3.202872	0.248097	-0.386804	-1.876348	52.039715	-40.361651	-3.997908
23754	7.967076	4.614710	2.903965	0.327067	-0.413008	-1.837489	52.920234	-39.677737	-5.081277
23755	7.859295	4.923942	2.652574	0.455050	-0.448913	-1.844760	53.867854	-39.001921	-6.166075
23756	7.755084	5.569680	2.691426	0.558105	-0.501857	-1.907323	54.880761	-38.288092	-7.281641
23757	7.734741	6.367184	2.896900	0.624994	-0.555276	-1.991361	55.950009	-37.549595	-8.438406
23758	7.624200	7.170450	3.277744	0.605058	-0.580326	-2.055711	56.997135	-36.758291	-9.603996
23759	7.389491	7.551176	3.526625	0.469080	-0.575338	-2.059696	57.942055	-35.961294	-10.741861
23760	6.966612	7.579689	3.741124	0.294064	-0.575137	-2.047489	58.748536	-35.142533	-11.845179
23761	6.731035	7.224481	3.589474	0.113390	-0.571996	-1.988053	59.420206	-34.354381	-12.904961
23762	6.384631	6.970988	3.538843	0.023024	-0.556139	-1.879635	59.982482	-33.592171	-13.893873
23763	6.298200	6.735512	3.512001	-0.032625	-0.555255	-1.809845	60.488482	-32.870655	-14.845109
23764	6.268591	6.544303	3.373856	-0.038476	-0.544654	-1.755205	60.951016	-32.152975	-15.753251
23765	6.323069	6.446501	3.287564	0.016102	-0.531803	-1.695120	61.423123	-31.469697	-16.624018
23766	6.317017	6.565519	3.281403	0.081579	-0.512519	-1.645334	61.893831	-30.786249	-17.450953
23767	6.254904	6.686740	3.253387	0.137529	-0.514784	-1.594593	62.384349	-30.137573	-18.254660
23768	6.320513	6.890319	3.258833	0.189294	-0.517066	-1.523485	62.871288	-29.505460	-19.022799
23769	6.205585	7.140858	3.375393	0.229779	-0.521144	-1.465139	63.371529	-28.913273	-19.768669
23770	6.036593	7.365106	3.499138	0.239325	-0.551417	-1.398099	63.855119	-28.342910	-20.499123
23771	5.870977	7.448466	3.453230	0.213108	-0.573272	-1.325705	64.319724	-27.825118	-21.216212
23772	5.733586	7.419359	3.414663	0.183196	-0.576991	-1.247433	64.738757	-27.328833	-21.902208
23773	5.689809	7.343380	3.337292	0.162136	-0.571968	-1.169497	65.136790	-26.882755	-22.560599
23774	5.696475	7.301792	3.132142	0.157292	-0.555848	-1.096689	65.501689	-26.451571	-23.180641
23775	5.697997	7.228877	3.125793	0.179015	-0.555544	-1.030782	65.875273	-26.066722	-23.781299
23776	5.471710	7.207863	3.289077	0.214055	-0.543900	-0.952665	66.241272	-25.701085	-24.346762
23777	5.128464	7.373565	3.468103	0.248024	-0.561515	-0.884938	66.629195	-25.387627	-24.904390
23778	4.859386	7.544820	3.488795	0.286219	-0.573124	-0.819876	67.020330	-25.091766	-25.445278
23779	4.753169	7.830976	3.432055	0.322690	-0.568217	-0.758418	67.431206	-24.839892	-25.968084
23780	4.791513	8.175300	3.472753	0.323361	-0.571836	-0.704418	67.824378	-24.598113	-26.473597
23781	4.951035	8.409599	3.403510	0.308350	-0.556287	-0.658499	68.207907	-24.390195	-26.959771
23782	5.163008	8.570023	3.420719	0.277619	-0.526749	-0.600539	68.548531	-24.188249	-27.409632
23783	5.172639	8.616063	3.365949	0.270884	-0.482327	-0.535434	68.876660	-24.025347	-27.819997
23784	5.106018	8.661184	3.486416	0.288552	-0.436796	-0.500696	69.189057	-23.853721	-28.191023
23785	4.939270	8.660997	3.537389	0.337630	-0.390986	-0.473301	69.524764	-23.701618	-28.530858
23786	4.725481	8.762985	3.389759	0.423953	-0.336097	-0.459590	69.884326	-23.528121	-28.830760
23787	4.620370	8.907241	3.363962	0.529090	-0.281263	-0.464817	70.300064	-23.355234	-29.101047
23788	4.658777	9.307687	3.202195	0.643448	-0.237909	-0.482215	70.761298	-23.146836	-29.344342
23789	4.764000	9.776970	3.223525	0.703992	-0.197682	-0.504953	71.257743	-22.932603	-29.569357
23790	4.814592	10.001559	3.342580	0.697655	-0.167855	-0.522927	71.733619	-22.685627	-29.774752
23791	4.701442	9.940082	3.345261	0.640117	-0.132363	-0.509823	72.175444	-22.453670	-29.957183
23792	4.401923	9.778165	3.416203	0.571077	-0.087784	-0.477744	72.554225	-22.214638	-30.102051
23793	4.144787	9.735539	3.372871	0.534369	-0.048953	-0.461818	72.910401	-21.992359	-30.222040
23794	4.079827	10.035461	3.300967	0.521388	-0.007724	-0.489343	73.241402	-21.731987	-30.318016
23795	4.158668	10.121275	3.218900	0.495163	0.036280	-0.518772	73.557754	-21.462924	-30.394139
23796	4.028999	10.196969	3.135122	0.481532	0.100259	-0.533270	73.843411	-21.160090	-30.430537
23797	3.760558	10.180050	3.167897	0.461775	0.157812	-0.542309	74.114191	-20.857885	-30.435416
23798	3.521217	9.939177	3.147834	0.428119	0.210473	-0.531323	74.344697	-20.538676	-30.403387
23799	3.251312	9.617332	3.078575	0.413650	0.280132	-0.491515	74.558559	-20.245326	-30.324917
23800	2.885605	9.552213	2.988346	0.426464	0.346941	-0.463273	74.756247	-19.943275	-30.199199
23801	2.736868	9.567206	3.084540	0.424043	0.391767	-0.437070	74.950588	-19.663383	-30.044252
23802	2.676022	9.721179	2.861598	0.448819	0.448063	-0.443275	75.140838	-19.358272	-29.854301
23803	2.651920	9.500220	2.992228	0.430157	0.487912	-0.435354	75.320674	-19.065693	-29.641000
23804	2.415342	9.262427	2.855500	0.449550	0.545119	-0.400725	75.492214	-18.771310	-29.386325
23805	2.033271	9.159136	2.754991	0.479815	0.591757	-0.367291	75.678947	-18.502424	-29.100501
23806	1.997829	9.021673	2.717146	0.468074	0.615606	-0.337102	75.847096	-18.234961	-28.794030
23807	1.875632	8.713329	2.640562	0.446186	0.656786	-0.276400	76.000341	-18.008490	-28.455772
23808	1.608502	8.556282	2.528669	0.446641	0.708211	-0.205920	76.135870	-17.802767	-28.075483
23809	1.496295	8.691912	2.504352	0.460022	0.742229	-0.159456	76.278448	-17.630661	-27.669908
23810	1.660140	8.905222	2.485204	0.446748	0.772593	-0.123524	76.401370	-17.463831	-27.240073
23811	1.661197	9.357120	2.410867	0.431785	0.826551	-0.118386	76.513189	-17.304301	-26.779260
23812	1.708701	9.613203	2.546030	0.359626	0.854639	-0.135637	76.574976	-17.121256	-26.303419
23813	1.626088	9.695789	2.418503	0.285990	0.886080	-0.161644	76.597494	-16.930016	-25.814273
23814	1.422443	9.566562	2.420202	0.199351	0.895515	-0.183033	76.565818	-16.715429	-25.322083
23815	1.288418	9.161834	2.321973	0.109485	0.887380	-0.186111	76.491516	-16.509188	-24.836734
23816	1.186344	8.621210	2.277168	0.052460	0.873096	-0.163516	76.382459	-16.307306	-24.356456
23817	1.026718	8.151976	2.261835	0.045919	0.855049	-0.110063	76.277392	-16.145458	-23.880755
23818	0.921857	7.998080	2.148114	0.105486	0.831557	-0.074117	76.205010	-15.997425	-23.413402
23819	0.980224	8.139825	2.231941	0.178741	0.802891	-0.060760	76.184804	-15.868380	-22.961889
23820	1.038917	8.422815	2.240550	0.233481	0.781920	-0.045882	76.194779	-15.742452	-22.519985
23821	1.013602	8.701389	2.277336	0.245386	0.763522	-0.021853	76.219178	-15.639860	-22.086130
23822	0.932332	8.933208	2.396790	0.222111	0.743496	-0.002639	76.228655	-15.543501	-21.660688
23823	1.081279	9.028883	2.459699	0.158804	0.716707	0.018461	76.210424	-15.469098	-21.248453
23824	1.185323	8.980941	2.511726	0.085563	0.701211	0.047774	76.147469	-15.406261	-20.840659
23825	1.217207	8.830818	2.497641	0.039162	0.687165	0.066977	76.064090	-15.361456	-20.438892
23826	1.285318	8.513685	2.542036	0.008904	0.662940	0.092773	75.962083	-15.327807	-20.047075
23827	1.303626	8.076858	2.446721	0.008040	0.637328	0.146911	75.865536	-15.332514	-19.662696
23828	1.356260	7.689451	2.406760	0.051205	0.612323	0.212509	75.790859	-15.371268	-19.282725
23829	1.376140	7.434393	2.350453	0.117506	0.578032	0.285137	75.759779	-15.459764	-18.912126
23830	1.468435	7.351233	2.377991	0.184201	0.539592	0.367911	75.765228	-15.594657	-18.550984
23831	1.583943	7.425600	2.318706	0.231119	0.498383	0.457491	75.802595	-15.789795	-18.200629
23832	1.658366	7.832424	2.314083	0.244887	0.463716	0.534122	75.845725	-16.028047	-17.858541
23833	1.828259	8.342131	2.403986	0.209825	0.423594	0.584765	75.874501	-16.304509	-17.532323
23834	2.029065	8.775788	2.445937	0.116092	0.381758	0.627129	75.850091	-16.606130	-17.223364
23835	2.265100	8.926666	2.526791	-0.032722	0.337640	0.666205	75.746911	-16.939253	-16.933724
23836	2.428984	8.645007	2.518044	-0.220661	0.290454	0.728180	75.536620	-17.308798	-16.660471
23837	2.414230	8.117577	2.371390	-0.382112	0.234022	0.815720	75.239601	-17.737573	-16.404774
23838	2.322401	7.619661	2.212669	-0.521658	0.178799	0.936657	74.861356	-18.236317	-16.158811
23839	2.332736	7.099629	2.176776	-0.659374	0.096475	1.082122	74.410583	-18.829770	-15.933287
23840	2.418196	6.615446	2.233301	-0.763378	0.015895	1.257369	73.899506	-19.527057	-15.719326
23841	2.714850	6.317666	2.237013	-0.807042	-0.061085	1.412024	73.366404	-20.323391	-15.516420
23842	3.173754	6.290101	2.349023	-0.820136	-0.122715	1.559265	72.821328	-21.205412	-15.313992
23843	3.643127	6.374988	2.580996	-0.803542	-0.157387	1.682986	72.279655	-22.162778	-15.099161
23844	4.032154	6.479905	2.833352	-0.770778	-0.153735	1.789043	71.738692	-23.171768	-14.850235
23845	4.151797	6.565891	3.025978	-0.688622	-0.140704	1.869701	71.227397	-24.223980	-14.565782
23846	4.293743	6.649826	3.234562	-0.565390	-0.134361	1.922091	70.769620	-25.297231	-14.254378
23847	4.433409	6.842399	3.201223	-0.399119	-0.104556	1.958576	70.385983	-26.386608	-13.905926
23848	4.571174	7.051456	3.107758	-0.217680	-0.082667	1.974233	70.087682	-27.474113	-13.530187
23849	4.639370	7.350014	3.106285	-0.053319	-0.076966	1.976823	69.870767	-28.564750	-13.141065
23850	4.809330	7.567383	3.072502	0.068686	-0.080748	1.981699	69.714107	-29.653262	-12.745128
23851	5.032859	7.610923	3.039092	0.146697	-0.083566	1.997424	69.590365	-30.754343	-12.339707
23852	5.208922	7.612226	2.919731	0.177746	-0.087471	2.030483	69.471611	-31.868803	-11.921778
23853	5.349355	7.476673	2.941805	0.183274	-0.091862	2.075581	69.339714	-33.011977	-11.487528
23854	5.378060	7.251232	2.832269	0.188926	-0.092658	2.118312	69.193996	-34.172901	-11.034669
23855	5.371011	6.994296	2.742338	0.214509	-0.094318	2.171591	69.041682	-35.366124	-10.559193
23856	5.278847	6.700112	2.759416	0.258326	-0.093547	2.230182	68.891690	-36.585070	-10.057707
23857	5.344059	6.583162	2.759868	0.371245	-0.104915	2.276593	68.787000	-37.834632	-9.539751
23858	5.776842	6.768257	2.847318	0.527309	-0.111388	2.291963	68.757448	-39.088895	-9.011976
23859	6.401106	7.000783	2.953128	0.691011	-0.106418	2.279312	68.805441	-40.339690	-8.474205
23860	6.938625	7.259155	2.876282	0.853986	-0.095698	2.255907	68.933688	-41.572146	-7.928575
23861	7.147772	7.520004	2.743141	0.942313	-0.074825	2.232885	69.092079	-42.793232	-7.366984
23862	7.113758	7.824331	2.449978	0.924450	-0.068516	2.228345	69.226109	-44.007458	-6.796119
23863	7.065356	7.980403	2.049322	0.816629	-0.077530	2.285220	69.274871	-45.258692	-6.205589
23864	7.001904	7.885992	2.003586	0.637263	-0.102926	2.360709	69.201500	-46.551401	-5.599787
23865	7.114264	7.526137	2.215240	0.478071	-0.133015	2.446126	69.010908	-47.898723	-4.972117
23866	7.528729	6.985291	2.482023	0.422076	-0.157049	2.477751	68.767989	-49.262579	-4.330258
23867	8.093995	6.434192	2.409725	0.488480	-0.163508	2.480596	68.535477	-50.630914	-3.665573
23868	8.405214	6.079327	2.274189	0.616827	-0.155034	2.441807	68.350265	-51.971846	-2.979809
23869	8.451067	6.022725	2.040024	0.772182	-0.147448	2.381104	68.234341	-53.281102	-2.281706
23870	8.490471	6.188682	1.946560	0.863511	-0.157895	2.322058	68.166566	-54.557112	-1.589895
23871	8.643481	6.360384	1.926038	0.832637	-0.156645	2.280704	68.063084	-55.813602	-0.886920
23872	8.886721	6.322036	1.969515	0.711969	-0.156711	2.257981	67.865470	-57.053644	-0.164302
23873	9.114636	6.066980	2.027076	0.560278	-0.145142	2.237742	67.540427	-58.281747	0.596504
23874	9.350734	5.485849	2.059611	0.455884	-0.143955	2.210591	67.119717	-59.489427	1.388995
23875	9.627587	4.848223	1.934944	0.450334	-0.132810	2.175711	66.650268	-60.675999	2.224694
23876	9.864739	4.392049	1.769702	0.553008	-0.112649	2.125927	66.187710	-61.825390	3.109774
23877	10.116341	4.096408	1.673204	0.707515	-0.097870	2.069609	65.769961	-62.941729	4.035239
23878	10.333799	4.062010	1.523793	0.877058	-0.067436	1.997709	65.396258	-64.007191	5.010721
23879	10.573134	4.289256	1.436619	1.007619	-0.041553	1.929613	65.048786	-65.031763	6.031826
23880	10.795076	4.595513	1.316961	1.026473	-0.005320	1.860799	64.649296	-66.005432	7.113246
23881	10.800212	4.695489	1.346705	0.976368	0.033134	1.771897	64.165607	-66.923890	8.247926
23882	10.826217	4.641123	1.334571	0.895818	0.051186	1.673721	63.605748	-67.779398	9.407018
23883	10.950747	4.379771	1.280792	0.816042	0.063445	1.559236	62.994047	-68.572304	10.566797
23884	11.043140	4.126444	1.246658	0.754173	0.077188	1.430106	62.349438	-69.287320	11.717012
23885	11.025531	3.781055	1.282792	0.704319	0.064001	1.289773	61.739070	-69.934150	12.796133
23886	10.889364	3.515088	1.138909	0.705310	0.061522	1.136959	61.193635	-70.497028	13.801639
23887	10.669077	3.354597	1.113949	0.695810	0.050651	0.986283	60.740882	-70.988529	14.701160
23888	10.403643	3.294376	1.069879	0.667382	0.030053	0.848812	60.378599	-71.411032	15.484219
23889	10.216814	3.193645	1.023643	0.603454	-0.000611	0.734481	60.104667	-71.788246	16.135121
23890	10.058789	3.037980	1.087663	0.520100	-0.034716	0.631743	59.901687	-72.119118	16.658468
23891	9.942593	2.785286	1.190678	0.444088	-0.065317	0.535218	59.784008	-72.414925	17.047151
23892	9.844438	2.472343	1.240394	0.387468	-0.097465	0.465968	59.733429	-72.681156	17.329359
23893	9.661839	2.156654	1.248868	0.397768	-0.118954	0.411295	59.777183	-72.931050	17.520203
23894	9.548089	1.985914	1.271019	0.454669	-0.140027	0.367901	59.919832	-73.161082	17.639903
23895	9.480303	1.906644	1.365879	0.545363	-0.146471	0.314425	60.184616	-73.371244	17.687795
23896	9.451939	1.937665	1.370415	0.657736	-0.137558	0.280931	60.526298	-73.557574	17.720991
23897	9.447935	2.026084	1.311512	0.766150	-0.127971	0.245136	60.959128	-73.728226	17.725455
23898	9.538690	2.048175	1.326668	0.857521	-0.114865	0.233109	61.430218	-73.884405	17.743043
23899	9.504151	2.141368	1.309349	0.954141	-0.092930	0.234756	61.928143	-74.040401	17.791817
23900	9.586409	2.193501	1.302793	1.008647	-0.084291	0.236725	62.437118	-74.190306	17.860022
23901	9.602450	2.227667	1.330667	1.065391	-0.055778	0.259277	62.916820	-74.349270	17.993837
23902	9.584432	2.341936	1.333116	1.097683	-0.022960	0.272763	63.338386	-74.502004	18.205645
23903	9.545956	2.458686	1.347034	1.111585	-0.004329	0.279229	63.735606	-74.658565	18.452219
23904	9.588442	2.762005	1.308287	1.078989	0.021991	0.293741	64.045484	-74.811507	18.768389
23905	9.557664	3.074759	1.281596	0.991398	0.035819	0.285299	64.292283	-74.961714	19.099016
23906	9.667520	3.215657	1.243511	0.819103	0.033302	0.295232	64.428268	-75.113305	19.440609
23907	9.651094	3.396870	1.173474	0.605790	0.058343	0.315286	64.377242	-75.273407	19.850244
23908	9.560430	3.560802	1.179726	0.356433	0.062562	0.336279	64.142746	-75.438754	20.300270
23909	9.563737	3.482800	1.177624	0.086176	0.051455	0.342130	63.767570	-75.613079	20.736557
23910	9.589270	3.249861	1.269858	-0.143307	0.052665	0.337417	63.246216	-75.780034	21.186444
23911	9.606901	2.941794	1.279756	-0.293159	0.041553	0.316051	62.678737	-75.941196	21.596214
23912	9.674054	2.600975	1.342060	-0.373745	0.025882	0.278674	62.119434	-76.083257	21.948525
23913	9.795985	2.326411	1.433092	-0.400791	0.016236	0.238592	61.605994	-76.209827	22.238544
23914	9.826829	2.071493	1.460369	-0.385898	0.009546	0.190932	61.155137	-76.310708	22.471676
23915	9.873889	1.868017	1.451852	-0.338872	0.003449	0.146030	60.796501	-76.393181	22.638551
23916	9.834666	1.809060	1.447863	-0.275609	0.001400	0.110393	60.511229	-76.455419	22.766189
23917	9.797201	1.753392	1.497180	-0.205164	0.009054	0.073150	60.297571	-76.499535	22.862559
23918	9.786485	1.747085	1.479584	-0.133719	0.004982	0.056530	60.147267	-76.533743	22.934959
23919	9.768159	1.770431	1.440071	-0.062963	0.011249	0.033704	60.055211	-76.557461	22.989939
23920	9.753672	1.869820	1.434983	0.014972	0.025961	0.018246	59.991660	-76.566607	23.060726
23921	9.717022	2.051560	1.367689	0.060603	0.038407	-0.000012	59.953382	-76.565715	23.133117
23922	9.663444	2.263185	1.313029	0.079946	0.048084	-0.019310	59.926234	-76.549867	23.204757
23923	9.578031	2.307997	1.255617	0.064299	0.052933	-0.025131	59.889935	-76.532184	23.277241
23924	9.518653	2.297272	1.261605	0.048714	0.052532	-0.028909	59.847502	-76.510282	23.346211
23925	9.510399	2.277954	1.210935	0.029855	0.056141	-0.029465	59.790336	-76.489314	23.419848
23926	9.576260	2.294735	1.180086	0.027916	0.053874	-0.044709	59.752577	-76.459180	23.471772
23927	9.592736	2.346174	1.152904	0.010469	0.064387	-0.046539	59.688382	-76.427202	23.541221
23928	9.630020	2.394224	1.114639	-0.002821	0.063565	-0.054302	59.625188	-76.389497	23.601211
23929	9.618985	2.352034	1.120059	-0.019228	0.060949	-0.069153	59.578974	-76.347178	23.634692
23930	9.619912	2.259380	1.112562	-0.034799	0.052957	-0.083278	59.554183	-76.298218	23.636327
23931	9.553358	2.181213	1.031162	-0.036372	0.047619	-0.087516	59.547627	-76.250579	23.618901
23932	9.526214	2.119845	1.013585	-0.026141	0.044772	-0.090253	59.552626	-76.200552	23.594975
23933	9.551397	2.147590	1.060808	-0.019266	0.031361	-0.098060	59.601127	-76.152416	23.531007
23934	9.575162	2.127806	1.018761	-0.005672	0.035771	-0.090237	59.635452	-76.105001	23.488949
23935	9.514911	2.121890	1.023981	0.010513	0.034373	-0.087747	59.682577	-76.061074	23.443973
23936	9.521260	2.178507	1.027677	0.028231	0.032725	-0.087896	59.739092	-76.015684	23.399051
23937	9.534775	2.209270	1.051603	0.045695	0.028956	-0.096992	59.827505	-75.968713	23.332364
23938	9.512274	2.297549	1.044939	0.052993	0.026122	-0.106788	59.932136	-75.915829	23.252450
23939	9.507367	2.310072	0.991307	0.042574	0.015989	-0.117837	60.067270	-75.862118	23.135722
23940	9.516145	2.319073	1.012990	0.018862	0.005860	-0.115393	60.200444	-75.810656	23.006169
23941	9.512660	2.255172	1.033281	-0.006150	0.001419	-0.106846	60.322611	-75.766429	22.874038
23942	9.551724	2.183475	1.029953	-0.013137	-0.001122	-0.098411	60.430528	-75.725271	22.751579
23943	9.591059	2.111322	1.026643	-0.012442	0.000710	-0.096293	60.537703	-75.686333	22.631233
23944	9.652306	2.110237	0.991602	0.010506	0.007751	-0.091921	60.633424	-75.645810	22.535304
23945	9.591079	2.153402	1.027597	0.032787	0.004048	-0.091059	60.753355	-75.608504	22.428530
23946	9.502586	2.177209	1.019672	0.038587	-0.001839	-0.092726	60.883563	-75.570164	22.313576
23947	9.527532	2.130775	1.081556	0.030792	-0.011318	-0.080936	61.020402	-75.542095	22.188181
23948	9.499459	2.166654	1.125166	0.018736	-0.015140	-0.070115	61.139668	-75.518651	22.072756
23949	9.523862	2.241818	1.200574	-0.003123	-0.016507	-0.063404	61.247634	-75.500764	21.957108
23950	9.568889	2.264888	1.176055	-0.040150	-0.020192	-0.058440	61.329932	-75.484475	21.845003
23951	9.546500	2.198332	1.207417	-0.067734	-0.017587	-0.053485	61.391997	-75.471657	21.738494
23952	9.526071	2.156483	1.185104	-0.083892	-0.019600	-0.050492	61.439341	-75.459145	21.636597
