// Start Time: Unknown
// Update Rate: 100.0Hz
// Filter Profile: human (46.1)
// Firmware Version: 4.3.5
PacketCounter	Acc_X	Acc_Y	Acc_Z	Gyr_X	Gyr_Y	Gyr_Z	Roll	Pitch	Yaw
50300	9.790148	-0.150475	1.444242	0.003876	0.010070	-0.013422	-9.768813	-81.742274	3.388752
50301	9.814514	-0.183574	1.444034	-0.009137	0.011259	-0.014812	-9.708916	-81.737352	3.322937
50302	9.845459	-0.210808	1.410271	-0.004993	0.006834	-0.014579	-9.647225	-81.737854	3.251712
50303	9.818367	-0.229100	1.420436	-0.007951	0.014414	-0.012350	-9.594256	-81.730894	3.193583
50304	9.822330	-0.275894	1.396045	-0.013682	0.008853	-0.017222	-9.527555	-81.726861	3.119413
50305	9.828827	-0.268699	1.363297	-0.003293	0.004627	-0.012030	-9.479683	-81.725385	3.069130
50306	9.829829	-0.250968	1.402814	0.000191	0.009036	-0.010096	-9.432911	-81.723538	3.017622
50307	9.836299	-0.244202	1.370174	-0.003073	0.006206	-0.008367	-9.398166	-81.720815	2.980732
50308	9.817930	-0.223843	1.424287	0.006162	0.007555	-0.005332	-9.369100	-81.718551	2.952449
50309	9.833053	-0.177975	1.436024	0.001524	0.008719	-0.009422	-9.326065	-81.714499	2.909842
50310	9.812553	-0.190641	1.412560	-0.001414	0.007674	-0.010965	-9.274576	-81.716212	2.847102
50311	9.812459	-0.189491	1.413367	-0.006745	0.008946	-0.013659	-9.219743	-81.712411	2.787785
50312	9.822739	-0.251232	1.440869	-0.003440	0.008100	-0.010241	-9.170197	-81.711764	2.729984
50313	9.784263	-0.223541	1.385342	-0.005140	0.010312	-0.012789	-9.117051	-81.707095	2.673300
50314	9.821515	-0.265601	1.403758	-0.007017	0.007266	-0.013854	-9.057058	-81.707284	2.602464
50315	9.776500	-0.243668	1.381464	-0.004080	0.008313	-0.012311	-9.006484	-81.703687	2.548992
50316	9.809576	-0.237696	1.425410	-0.000449	0.009253	-0.012163	-8.950239	-81.702987	2.485348
50317	9.828835	-0.239701	1.411725	-0.007493	0.008952	-0.008795	-8.914944	-81.698703	2.445340
50318	9.776261	-0.240410	1.383725	0.001184	0.001995	-0.015066	-8.854629	-81.702180	2.378282
50319	9.831113	-0.183423	1.404915	-0.005468	0.008528	-0.009517	-8.815684	-81.698190	2.335758
50320	9.815870	-0.227369	1.394728	-0.007656	0.007480	-0.015924	-8.753143	-81.695333	2.268632
50321	9.828612	-0.234959	1.414071	-0.006921	0.003693	-0.012176	-8.707684	-81.694300	2.218685
50322	9.828557	-0.233878	1.414630	-0.011070	0.008118	-0.012408	-8.669459	-81.691557	2.173070
50323	9.826153	-0.286702	1.423066	-0.010919	0.004648	-0.014197	-8.617887	-81.690146	2.114631
50324	9.832700	-0.279698	1.390165	-0.007344	0.005484	-0.010582	-8.588998	-81.690592	2.076030
50325	9.845425	-0.287423	1.409648	-0.004720	0.008532	-0.014377	-8.530949	-81.686985	2.014629
50326	9.787580	-0.256974	1.368706	-0.008613	0.010849	-0.005803	-8.522830	-81.682862	1.998534
50327	9.806867	-0.259108	1.354942	0.000340	0.005580	-0.011878	-8.473386	-81.680708	1.948757
50328	9.788372	-0.238437	1.409134	0.003817	0.009994	-0.009939	-8.422345	-81.679136	1.894497
50329	9.763654	-0.202893	1.411276	-0.004719	0.008534	-0.014376	-8.364412	-81.675506	1.833204
50330	9.773095	-0.280956	1.399861	-0.004025	0.008430	-0.015772	-8.325904	-81.671970	1.793748
50331	9.792410	-0.282498	1.386068	0.001305	0.007161	-0.013075	-8.270524	-81.668990	1.738535
50332	9.846184	-0.241971	1.368743	0.002908	0.008527	-0.012204	-8.256342	-81.668250	1.721089
50333	9.806378	-0.251610	1.359892	0.003816	0.009998	-0.009937	-8.210249	-81.663401	1.676706
50334	9.840721	-0.208252	1.357352	0.019822	0.009984	-0.010453	-8.181729	-81.663134	1.653084
50335	9.829661	-0.164915	1.417313	0.015768	0.010830	-0.009010	-8.132068	-81.657739	1.611997
50336	9.842329	-0.172389	1.437078	0.006325	0.007895	-0.015717	-8.101164	-81.656462	1.584334
50337	9.866925	-0.205067	1.436460	0.000824	0.003902	-0.016935	-8.033549	-81.655622	1.516455
50338	9.845252	-0.254537	1.459227	-0.008193	0.004118	-0.016317	-7.998011	-81.656422	1.476252
50339	9.835470	-0.329838	1.461915	-0.023561	0.003915	-0.013733	-7.956815	-81.655299	1.420967
50340	9.776806	-0.316121	1.381447	-0.017962	0.004332	-0.010838	-7.958766	-81.655682	1.410706
50341	9.771487	-0.284107	1.368591	-0.001801	0.005792	-0.004223	-7.940802	-81.652732	1.391510
50342	9.790800	-0.286502	1.354766	0.009782	0.008524	-0.005166	-7.987970	-81.651393	1.440657
50343	9.840160	-0.198426	1.362876	0.015964	0.003682	-0.005653	-7.955792	-81.649763	1.417369
50344	9.834830	-0.165965	1.350087	0.019282	0.006633	-0.010839	-7.936042	-81.655094	1.396573
50345	9.787118	-0.218737	1.420991	0.015653	0.005688	-0.010990	-7.882202	-81.652778	1.351141
50346	9.843930	-0.263536	1.424681	0.008663	0.005479	-0.011095	-7.885029	-81.654207	1.355534
50347	9.797552	-0.279357	1.448921	0.004819	0.007896	-0.005992	-7.855851	-81.650248	1.328745
50348	9.823497	-0.275782	1.401724	0.005188	0.006001	-0.004119	-7.863021	-81.651601	1.333991
50349	9.810620	-0.266594	1.383646	0.006362	0.009157	-0.001655	-7.848903	-81.646596	1.323296
50350	9.832987	-0.198555	1.400977	0.003428	0.008106	-0.003202	-7.851472	-81.646602	1.322963
50351	9.812620	-0.211850	1.377411	0.007484	0.007265	-0.004641	-7.826101	-81.642919	1.301511
50352	9.832809	-0.197353	1.402395	0.007274	0.005689	-0.008303	-7.849753	-81.647857	1.317420
50353	9.818615	-0.225066	1.430864	-0.003771	0.006318	-0.006971	-7.822622	-81.644940	1.287585
50354	9.835739	-0.281138	1.424963	0.000185	0.009058	-0.010087	-7.817258	-81.643924	1.279722
50355	9.818417	-0.223262	1.432504	0.000185	0.009058	-0.010087	-7.774179	-81.639683	1.236071
50356	9.828052	-0.301756	1.421286	-0.003176	0.009795	-0.010042	-7.789857	-81.634176	1.253162
50357	9.830112	-0.247039	1.414440	-0.001635	0.011055	-0.005705	-7.764100	-81.628435	1.226017
50358	9.790877	-0.236471	1.319862	0.007970	0.005589	-0.009695	-7.755497	-81.631326	1.214121
50359	9.791643	-0.218508	1.359364	0.008993	0.007278	-0.014358	-7.692147	-81.628418	1.155080
50360	9.803538	-0.242413	1.340035	0.015715	0.005809	-0.014445	-7.702934	-81.627295	1.176124
50361	9.821585	-0.280796	1.372791	0.015506	0.004234	-0.018105	-7.623363	-81.626370	1.104509
50362	9.799996	-0.329844	1.395713	0.017802	0.005501	-0.018627	-7.613395	-81.627481	1.103802
50363	9.804476	-0.375864	1.370974	0.023030	0.007823	-0.017601	-7.530209	-81.624463	1.032897
50364	9.856842	-0.371652	1.400633	0.039939	0.009317	-0.015830	-7.503061	-81.624378	1.026033
50365	9.839509	-0.312907	1.407901	0.049100	0.001858	-0.009613	-7.438925	-81.624137	0.989480
50366	9.881209	-0.246315	1.410606	0.050065	0.012182	-0.010507	-7.482339	-81.621309	1.059342
50367	9.875774	-0.213236	1.398225	0.042276	0.006913	-0.011202	-7.414302	-81.618320	1.014890
50368	9.850905	-0.177659	1.400225	0.039327	0.010809	-0.003841	-7.452375	-81.615318	1.075237
50369	9.858236	-0.153920	1.406552	0.028935	0.006263	-0.009355	-7.399869	-81.612556	1.038768
50370	9.778130	-0.191390	1.348650	0.023012	0.004043	-0.008985	-7.427401	-81.618549	1.070644
50371	9.772188	-0.179260	1.421262	0.022315	0.004149	-0.007591	-7.386823	-81.616899	1.042320
50372	9.789479	-0.235026	1.415327	0.019651	0.004775	-0.008944	-7.404287	-81.619246	1.068364
50373	9.756492	-0.238956	1.372481	0.018482	0.001614	-0.011402	-7.352648	-81.619319	1.026634
50374	9.787343	-0.286448	1.424174	0.024610	0.005423	-0.008112	-7.454243	-81.624812	1.132065
50375	9.756441	-0.236798	1.373215	0.023054	0.000371	-0.003834	-7.431254	-81.625100	1.121840
50376	9.776625	-0.222043	1.397723	0.020020	0.002888	-0.007066	-7.453851	-81.624284	1.160060
50377	9.842362	-0.207370	1.359854	0.018095	-0.000272	-0.004664	-7.430954	-81.624962	1.147131
50378	9.829016	-0.218210	1.426747	0.015000	0.002142	-0.004433	-7.501986	-81.628588	1.224010
50379	9.816239	-0.209008	1.407969	0.008381	0.000020	-0.002671	-7.492945	-81.628967	1.219442
50380	9.808814	-0.231428	1.402649	0.003627	0.000958	0.000155	-7.538876	-81.631695	1.267410
50381	9.821551	-0.240089	1.421782	0.008852	0.003291	0.001179	-7.543011	-81.629930	1.276433
50382	9.814842	-0.245623	1.455447	0.007315	0.002017	-0.003155	-7.651434	-81.631570	1.389067
50383	9.788526	-0.244837	1.379150	0.008216	0.003497	-0.000891	-7.648867	-81.629840	1.390965
50384	9.781769	-0.250400	1.413146	0.009014	0.008554	-0.000313	-7.744245	-81.629846	1.487530
50385	9.802454	-0.216097	1.352411	0.011843	0.004456	-0.000736	-7.740557	-81.627585	1.490358
50386	9.821236	-0.238923	1.424153	0.005818	0.005805	-0.002054	-7.815764	-81.624478	1.574050
50387	9.807625	-0.246912	1.367298	0.007947	0.010552	-0.000799	-7.811735	-81.618738	1.574334
50388	9.818168	-0.309264	1.395491	0.013603	0.011095	-0.001358	-7.895265	-81.616334	1.664116
50389	9.838195	-0.295165	1.420856	0.009915	0.010037	0.001951	-7.901735	-81.610680	1.676141
50390	9.817819	-0.309504	1.397887	0.012883	0.016167	0.008934	-8.006111	-81.604820	1.785998
50391	9.844449	-0.290273	1.390379	0.018335	0.015124	0.004719	-8.016117	-81.596068	1.806454
50392	9.847000	-0.219642	1.422619	0.018867	0.018498	0.005104	-8.130580	-81.595545	1.917945
50393	9.892389	-0.219870	1.361972	0.016800	0.013850	0.000386	-8.126095	-81.587940	1.922719
50394	9.864633	-0.256001	1.333712	0.019589	0.013427	-0.005185	-8.235550	-81.590301	2.031183
50395	9.850354	-0.283621	1.362953	0.028012	0.009776	-0.002695	-8.216571	-81.585343	2.027649
50396	9.811307	-0.276994	1.392855	0.030041	0.009362	-0.003408	-8.300117	-81.581214	2.131288
50397	9.798467	-0.267613	1.374770	0.026148	0.006717	-0.003755	-8.280849	-81.578061	2.126427
50398	9.811099	-0.275679	1.394583	0.029977	0.009270	0.000059	-8.283618	-81.579642	2.139295
50399	9.806382	-0.226873	1.420290	0.032973	0.001694	-0.002130	-8.268893	-81.579227	2.142928
50400	9.820447	-0.198033	1.392836	0.020325	0.009657	-0.001424	-8.384834	-81.575207	2.272885
50401	9.824962	-0.245740	1.368802	0.017028	0.010478	-0.004855	-8.365203	-81.570029	2.262354
50402	9.850327	-0.262144	1.407604	0.020556	0.006274	-0.006661	-8.439836	-81.569477	2.348711
50403	9.869713	-0.264290	1.393927	0.021455	0.007760	-0.004398	-8.421692	-81.565793	2.342272
50404	9.835314	-0.306075	1.398671	0.018295	0.010078	-0.000711	-8.492400	-81.560563	2.428287
50405	9.833067	-0.360010	1.408206	0.023389	0.012234	0.007247	-8.515717	-81.553332	2.464941
50406	9.853776	-0.326734	1.347941	0.029348	0.010802	0.012042	-8.636114	-81.553363	2.594989
50407	9.884280	-0.376149	1.401188	0.038929	0.019082	0.017265	-8.685001	-81.541411	2.666429
50408	9.874555	-0.280430	1.453763	0.058189	0.030751	0.015357	-8.787814	-81.527849	2.799966
50409	9.875894	-0.229604	1.573496	0.057187	0.041596	0.011671	-8.792068	-81.503639	2.836820
50410	9.835571	-0.240863	1.568110	0.039384	0.047310	0.007860	-8.845574	-81.480137	2.910073
50411	9.806651	-0.294943	1.504963	0.045138	0.053044	0.009274	-8.840906	-81.449665	2.930908
50412	9.768390	-0.252560	1.491734	0.047464	0.050666	0.013920	-8.954642	-81.419896	3.073937
50413	9.810185	-0.342631	1.365785	0.059033	0.046056	0.026814	-9.012020	-81.391784	3.165615
50414	9.862401	-0.481757	1.431453	0.076911	0.064409	0.047178	-9.255976	-81.355676	3.449560
50415	9.914092	-0.622706	1.498931	0.097010	0.075226	0.070244	-9.434140	-81.306977	3.685392
50416	9.912645	-0.643793	1.344288	0.117921	0.081031	0.079589	-9.775096	-81.254331	4.097701
50417	9.981266	-0.703006	1.251974	0.135629	0.075331	0.086960	-9.988085	-81.203599	4.391222
50418	10.028326	-0.796413	1.222634	0.163545	0.098951	0.096972	-10.258392	-81.141562	4.756116
50419	9.971261	-1.017408	1.207984	0.198473	0.115584	0.117513	-10.512040	-81.064613	5.127307
50420	9.839569	-1.414425	1.259735	0.231952	0.111370	0.145596	-10.962184	-80.997021	5.701446
50421	9.809560	-1.722098	1.223790	0.289075	0.102308	0.166764	-11.335506	-80.921400	6.246368
50422	9.704833	-1.824507	1.079495	0.380371	0.089587	0.184913	-11.833786	-80.852314	6.967647
50423	9.662085	-1.693587	1.089306	0.467250	0.063879	0.209461	-12.266083	-80.791781	7.675931
50424	9.735185	-1.447001	1.227310	0.518725	0.052971	0.243875	-13.038704	-80.734456	8.749106
50425	9.699904	-1.194489	1.250990	0.518799	0.053544	0.267146	-13.629925	-80.669555	9.648552
50426	9.653599	-0.935502	1.251229	0.522798	0.027041	0.285218	-14.460926	-80.619436	10.783916
50427	9.754278	-0.727384	1.378912	0.524096	0.008293	0.294973	-15.161821	-80.571828	11.797823
50428	9.801839	-0.537129	1.561197	0.512196	0.020626	0.292576	-15.989772	-80.521115	12.922207
50429	9.821481	-0.401100	1.677054	0.512909	0.035477	0.277478	-16.594342	-80.457147	13.832190
50430	9.840093	-0.216263	1.690242	0.535930	0.043625	0.244330	-17.283124	-80.392555	14.830726
50431	9.925141	0.005910	1.826532	0.543553	0.055017	0.211703	-17.619601	-80.326190	15.486872
50432	9.969326	0.182535	1.878078	0.527058	0.087368	0.179963	-18.008151	-80.257112	16.162975
50433	9.949123	0.283865	1.909996	0.503031	0.115884	0.147590	-18.089766	-80.167934	16.536976
50434	9.984140	0.424016	1.922980	0.472604	0.134990	0.113520	-18.170368	-80.083591	16.870239
50435	9.932566	0.500701	2.054317	0.399883	0.150630	0.081202	-18.062682	-79.987346	16.992060
50436	9.913148	0.456405	2.061507	0.330813	0.170490	0.047048	-17.963337	-79.882668	17.080557
50437	9.861986	0.384330	2.168333	0.280932	0.186245	0.021478	-17.708109	-79.777566	16.983312
50438	9.832687	0.300430	2.139347	0.230882	0.200063	-0.007798	-17.435208	-79.678983	16.817883
50439	9.786364	0.152261	2.068562	0.213477	0.213975	-0.035251	-17.031293	-79.568261	16.529944
50440	9.729300	0.095819	1.948504	0.223185	0.213421	-0.056370	-16.569166	-79.467119	16.175046
50441	9.796046	0.084525	1.949264	0.235653	0.219240	-0.083211	-16.022146	-79.360450	15.754130
50442	9.719428	0.037987	2.022376	0.215376	0.246415	-0.100317	-15.442252	-79.247476	15.269725
50443	9.675493	0.041297	1.858530	0.211603	0.250360	-0.127218	-14.777730	-79.128671	14.714682
50444	9.706690	0.120680	1.911958	0.222965	0.240409	-0.157769	-14.081239	-79.017130	14.124237
50445	9.804708	0.252940	2.001890	0.207743	0.244837	-0.189318	-13.272906	-78.907266	13.419927
50446	9.706826	0.346222	2.131864	0.183257	0.271051	-0.208923	-12.438609	-78.787765	12.659466
50447	9.650318	0.428933	2.058120	0.175115	0.261366	-0.248609	-11.504097	-78.671784	11.806721
50448	9.656006	0.429763	2.066299	0.161779	0.256618	-0.277154	-10.487834	-78.562746	10.852618
50449	9.688540	0.390262	2.132517	0.144855	0.250810	-0.305942	-9.453771	-78.452719	9.879809
50450	9.717236	0.465420	2.149900	0.128501	0.259001	-0.340159	-8.398572	-78.337973	8.857271
50451	9.646677	0.642567	2.254510	0.094833	0.274108	-0.379061	-7.225206	-78.213236	7.711998
50452	9.717799	0.863187	2.292147	0.078734	0.276519	-0.434370	-5.965336	-78.092062	6.444034
50453	9.736563	1.097898	2.390469	0.052846	0.309286	-0.499583	-4.536321	-77.943398	5.011523
50454	9.741028	1.262683	2.503087	0.013604	0.328892	-0.561395	-3.001255	-77.778715	3.432065
50455	9.814525	1.412942	2.601552	-0.023600	0.355422	-0.627519	-1.354044	-77.590744	1.729473
50456	9.772208	1.502222	2.688326	-0.105559	0.399416	-0.700119	0.421875	-77.372434	-0.176189
50457	9.709032	1.370082	2.779858	-0.160714	0.426532	-0.765789	2.223292	-77.120169	-2.120538
50458	9.731625	1.344754	2.885139	-0.150057	0.437003	-0.826854	4.112413	-76.842238	-4.163316
50459	9.700559	1.272763	2.920568	-0.161469	0.480692	-0.870639	5.997915	-76.526417	-6.199032
50460	9.596356	1.102775	2.911688	-0.159991	0.495836	-0.908303	7.916111	-76.179688	-8.281042
50461	9.625753	1.055895	2.895558	-0.117355	0.499101	-0.934137	9.775492	-75.817628	-10.269852
50462	9.682083	1.187584	3.029532	-0.088147	0.544399	-0.949825	11.609572	-75.407068	-12.230199
50463	9.667813	1.312246	3.002115	-0.102374	0.586384	-0.974998	13.322087	-74.961553	-14.065628
50464	9.673640	1.418817	3.074280	-0.116724	0.607060	-0.987756	14.886753	-74.479026	-15.770558
50465	9.693231	1.508815	3.079654	-0.144517	0.621055	-1.006867	16.414744	-73.984183	-17.447730
50466	9.806502	1.638678	3.049184	-0.175607	0.633991	-1.029821	17.875439	-73.453926	-19.085029
50467	9.804239	1.821410	3.007439	-0.218557	0.643697	-1.063714	19.257745	-72.913945	-20.663359
50468	9.849402	2.032556	3.062012	-0.286099	0.658809	-1.094607	20.499110	-72.344590	-22.157674
50469	9.808780	2.010891	3.102694	-0.347460	0.667634	-1.116599	21.702334	-71.761425	-23.635279
50470	9.712728	1.906464	3.094921	-0.373790	0.657986	-1.146601	22.808918	-71.161283	-25.045182
50471	9.636339	1.921765	3.105833	-0.374570	0.653944	-1.164198	23.915520	-70.557165	-26.447377
50472	9.598707	1.979483	3.135314	-0.379757	0.654341	-1.182603	24.977944	-69.925920	-27.816345
50473	9.543403	2.086481	3.184851	-0.384943	0.669403	-1.198428	25.966995	-69.288935	-29.110553
50474	9.490195	2.228010	3.186135	-0.391473	0.668771	-1.217866	26.883914	-68.631371	-30.346002
50475	9.488811	2.379463	3.247780	-0.417074	0.670514	-1.238487	27.772158	-67.969153	-31.562973
50476	9.519100	2.575746	3.333317	-0.448714	0.684353	-1.262191	28.598407	-67.272777	-32.737804
50477	9.466003	2.753283	3.425307	-0.478826	0.686720	-1.298674	29.390843	-66.572995	-33.901200
50478	9.417285	2.841593	3.467638	-0.518937	0.688603	-1.314392	30.142337	-65.846047	-35.050823
50479	9.326617	2.854213	3.402362	-0.553405	0.674214	-1.335468	30.829186	-65.130173	-36.158083
50480	9.321909	2.875176	3.408992	-0.559255	0.653114	-1.347858	31.517496	-64.396249	-37.270146
50481	9.273328	2.964617	3.448824	-0.584556	0.631555	-1.358707	32.137502	-63.683584	-38.336187
50482	9.254979	3.033418	3.362191	-0.640061	0.617850	-1.370567	32.738037	-62.947203	-39.409202
50483	9.270445	3.095161	3.422326	-0.662248	0.601005	-1.388554	33.272482	-62.230461	-40.442661
50484	9.282947	3.205959	3.493992	-0.682233	0.583567	-1.401706	33.815408	-61.492187	-41.491387
50485	9.223346	3.268817	3.639439	-0.706676	0.587211	-1.403949	34.267552	-60.768568	-42.474101
50486	9.062966	3.440777	3.716468	-0.709042	0.582741	-1.420434	34.735331	-60.017378	-43.466418
50487	8.944288	3.467680	3.769934	-0.757280	0.579968	-1.432632	35.116111	-59.280515	-44.414580
50488	8.849469	3.470266	3.726640	-0.762620	0.563636	-1.440384	35.511530	-58.525635	-45.371998
50489	8.813723	3.585447	3.763472	-0.730401	0.537756	-1.454239	35.883884	-57.794799	-46.307089
50490	8.804234	3.725849	3.820399	-0.748007	0.523089	-1.468764	36.267788	-57.043557	-47.252450
50491	8.834731	3.799014	3.872071	-0.763879	0.514194	-1.483076	36.594987	-56.307512	-48.172069
50492	8.712935	3.886047	3.880105	-0.772016	0.498112	-1.489934	36.935075	-55.555487	-49.098848
50493	8.667558	3.865245	3.857505	-0.784586	0.473213	-1.490719	37.222114	-54.829874	-50.000239
50494	8.559387	3.823087	3.853021	-0.784136	0.442937	-1.485816	37.527554	-54.100094	-50.905609
50495	8.558476	3.780614	3.831134	-0.804072	0.420135	-1.465312	37.764867	-53.402390	-51.775522
50496	8.476340	3.821283	3.887629	-0.788865	0.394668	-1.451400	38.023235	-52.703298	-52.638185
50497	8.467101	3.873471	4.105943	-0.807880	0.380647	-1.432277	38.215271	-52.030856	-53.469626
50498	8.541119	3.809447	4.182254	-0.803205	0.391766	-1.414682	38.405667	-51.343948	-54.273670
50499	8.441758	3.897157	4.148915	-0.736054	0.397744	-1.403905	38.578843	-50.670668	-55.043633
50500	8.328401	4.028669	4.129585	-0.704771	0.369172	-1.390062	38.786120	-50.001173	-55.809245
50501	8.229818	4.115055	4.090372	-0.682570	0.337625	-1.368414	38.963955	-49.364252	-56.560018
50502	8.198702	4.222731	4.325181	-0.681560	0.302254	-1.338221	39.154151	-48.741708	-57.298230
50503	8.083051	4.176407	4.501679	-0.717587	0.306788	-1.293287	39.258248	-48.142895	-57.991503
50504	7.951601	4.087515	4.539816	-0.685474	0.302332	-1.250717	39.376667	-47.551441	-58.665039
50505	7.752722	4.170416	4.757174	-0.637704	0.302600	-1.210846	39.465312	-46.982760	-59.287950
50506	7.547716	4.080460	4.821425	-0.591161	0.278003	-1.186073	39.594196	-46.425191	-59.914192
50507	7.479800	3.968652	4.793221	-0.502915	0.243110	-1.166190	39.742316	-45.897265	-60.523913
50508	7.426399	3.867021	4.811058	-0.437329	0.210745	-1.130667	39.938808	-45.388363	-61.133216
50509	7.394984	3.777967	4.684149	-0.368406	0.185576	-1.094234	40.134900	-44.909494	-61.712511
50510	7.346554	3.893907	4.723584	-0.293247	0.171319	-1.039554	40.369568	-44.449919	-62.269806
50511	7.317731	4.034973	4.787165	-0.261136	0.168681	-0.994024	40.574230	-44.012598	-62.782730
50512	7.222200	4.204415	4.775827	-0.227040	0.157544	-0.958134	40.801522	-43.587841	-63.284097
50513	7.173922	4.314317	4.810414	-0.242505	0.136003	-0.942419	40.993823	-43.181316	-63.771444
50514	7.145087	4.279271	4.909382	-0.292142	0.112511	-0.914676	41.168983	-42.791094	-64.258992
50515	7.196409	4.139503	4.924847	-0.365486	0.085932	-0.875610	41.270680	-42.429393	-64.723701
50516	7.182589	4.013011	4.946367	-0.405615	0.062799	-0.838891	41.357510	-42.089014	-65.184042
50517	7.121035	3.953073	4.951677	-0.390125	0.065938	-0.810894	41.418490	-41.759425	-65.615096
50518	6.951446	3.992901	5.054902	-0.372061	0.064775	-0.796690	41.498594	-41.434790	-66.043432
50519	6.816168	4.084761	5.211414	-0.342658	0.057849	-0.780656	41.570875	-41.119344	-66.455904
50520	6.807541	4.141849	5.277968	-0.317904	0.051849	-0.763635	41.665523	-40.813014	-66.865842
50521	6.693015	3.972211	5.221326	-0.320230	0.039015	-0.705153	41.722589	-40.533545	-67.240283
50522	6.639022	3.881143	5.133517	-0.296768	0.037270	-0.653206	41.786511	-40.275798	-67.590336
50523	6.758435	3.939748	5.201735	-0.253062	0.001658	-0.579225	41.843903	-40.059793	-67.909514
50524	6.898464	4.084612	5.363218	-0.197475	-0.033758	-0.526708	41.936772	-39.881241	-68.220813
50525	6.932932	4.662387	5.432420	-0.095525	-0.025570	-0.533958	42.073724	-39.693382	-68.525801
50526	6.683907	5.567557	5.700896	-0.045206	-0.003114	-0.622431	42.273105	-39.464820	-68.871057
50527	6.566578	6.188499	6.025758	-0.106808	0.001971	-0.700945	42.448727	-39.199388	-69.250198
50528	6.528461	6.210750	6.002785	-0.256597	-0.071829	-0.699499	42.570461	-38.968048	-69.667582
50529	6.712099	5.548946	5.578312	-0.346299	-0.165966	-0.623967	42.630518	-38.802080	-70.084870
50530	6.803273	4.448167	5.192212	-0.323642	-0.187916	-0.487267	42.675039	-38.700986	-70.442793
50531	6.687357	3.170492	4.876252	-0.178351	-0.180919	-0.346151	42.740149	-38.648676	-70.716085
50532	6.512293	2.211143	4.719455	0.053833	-0.185615	-0.239260	42.914346	-38.643909	-70.937844
50533	6.413303	2.041723	4.672911	0.281756	-0.211474	-0.195977	43.201971	-38.661837	-71.145448
50534	6.419194	2.754232	4.796484	0.384489	-0.229198	-0.222009	43.570446	-38.682642	-71.378593
50535	6.358481	3.923594	4.916855	0.349357	-0.228215	-0.258544	43.923149	-38.680767	-71.628219
50536	6.450719	4.697418	5.222788	0.198404	-0.224702	-0.278934	44.200713	-38.676311	-71.888573
50537	6.535367	4.691377	5.186184	-0.044079	-0.226259	-0.247253	44.323614	-38.676402	-72.131216
50538	6.554244	4.343781	4.776572	-0.110453	-0.251270	-0.199154	44.406077	-38.714266	-72.363107
50539	6.577316	4.381307	4.678889	-0.056017	-0.265508	-0.159944	44.506474	-38.764808	-72.580383
50540	6.660937	4.609880	4.957167	-0.048308	-0.244240	-0.146797	44.605296	-38.821268	-72.781500
50541	6.670525	4.814106	5.128118	-0.063076	-0.218774	-0.145241	44.682295	-38.858130	-72.967444
50542	6.784360	4.875661	5.216715	-0.084489	-0.211708	-0.144802	44.749295	-38.902411	-73.150942
50543	6.859492	4.917372	5.347548	-0.069816	-0.190321	-0.138751	44.811423	-38.929982	-73.319050
50544	6.763237	5.026591	5.438003	-0.024861	-0.175044	-0.140674	44.899149	-38.961262	-73.481444
50545	6.848273	5.212854	5.457494	-0.016624	-0.191600	-0.140808	44.993135	-38.988147	-73.651535
50546	6.969922	5.060949	5.350569	-0.074246	-0.187810	-0.118691	45.049438	-39.033456	-73.809213
50547	6.968494	4.792578	5.279354	-0.104128	-0.174875	-0.095212	45.073157	-39.071806	-73.947066
50548	6.874084	4.851091	5.223390	-0.085336	-0.174264	-0.082159	45.106501	-39.126910	-74.078680
50549	6.901569	5.079648	5.315060	-0.060953	-0.178058	-0.079339	45.151127	-39.172873	-74.210176
50550	6.868179	5.075504	5.268483	-0.072325	-0.174225	-0.069362	45.187678	-39.233505	-74.335225
50551	6.856746	5.121802	5.222645	-0.024997	-0.166502	-0.067510	45.245539	-39.279466	-74.454778
50552	6.860911	5.420121	5.451968	0.013217	-0.155409	-0.088165	45.331195	-39.325025	-74.579952
50553	6.920120	5.445966	5.586682	-0.022247	-0.138400	-0.092172	45.389692	-39.349393	-74.697818
50554	6.907004	5.422128	5.552217	-0.047529	-0.124733	-0.098800	45.433854	-39.378128	-74.812489
50555	6.921119	5.348180	5.577321	-0.051482	-0.107834	-0.093496	45.465948	-39.389534	-74.915025
50556	6.784230	5.270101	5.538688	-0.026964	-0.089885	-0.086425	45.505933	-39.409277	-75.004819
50557	6.697443	5.253824	5.516928	-0.005689	-0.090760	-0.082503	45.554985	-39.418221	-75.092673
50558	6.713295	5.171815	5.397151	0.015589	-0.082843	-0.080384	45.614660	-39.437482	-75.175502
50559	6.723892	5.294316	5.329084	0.036494	-0.069324	-0.081825	45.680497	-39.437987	-75.251688
50560	6.761981	5.368108	5.319017	0.028031	-0.058413	-0.086293	45.740783	-39.444968	-75.324542
50561	6.753861	5.295220	5.270165	0.013723	-0.046407	-0.082237	45.785977	-39.436033	-75.388764
50562	6.674681	5.393736	5.300680	0.020836	-0.028319	-0.084790	45.831362	-39.431594	-75.444780
50563	6.650506	5.631652	5.505405	0.015336	-0.010873	-0.098042	45.870611	-39.401911	-75.498216
50564	6.570860	5.657359	5.548478	-0.028429	-0.004184	-0.108193	45.887161	-39.378034	-75.553395
50565	6.611927	5.512989	5.462043	-0.050030	-0.005397	-0.099377	45.887466	-39.345600	-75.604541
50566	6.630502	5.496751	5.362834	-0.041089	0.005362	-0.094261	45.888820	-39.323386	-75.647382
50567	6.672745	5.740447	5.481491	-0.007089	0.015047	-0.108663	45.909798	-39.278979	-75.692389
50568	6.627454	5.618985	5.529907	-0.045250	0.029886	-0.105202	45.904027	-39.242313	-75.727790
50569	6.528054	5.240424	5.265431	-0.051206	0.025527	-0.089428	45.889870	-39.201650	-75.757283
50570	6.474746	5.170452	5.219616	-0.012530	0.034954	-0.080988	45.893078	-39.172823	-75.777460
50571	6.520726	5.221773	5.319757	-0.020203	0.040295	-0.073626	45.886565	-39.132783	-75.790969
50572	6.437925	5.092689	5.220739	-0.061126	0.049272	-0.058888	45.849705	-39.107340	-75.792091
50573	6.391143	5.101712	5.109296	-0.045265	0.039779	-0.050874	45.821637	-39.076875	-75.794209
50574	6.533436	5.238902	5.240058	-0.058407	0.036392	-0.039415	45.784122	-39.064614	-75.792085
50575	6.546940	5.089346	5.174076	-0.090080	0.053574	-0.022501	45.716615	-39.040288	-75.772361
50576	6.503917	4.972725	5.147207	-0.087730	0.050403	0.001402	45.644245	-39.039236	-75.741788
50577	6.497364	4.827057	5.151543	-0.086861	0.060355	0.030644	45.559116	-39.033917	-75.691148
50578	6.475442	5.042303	5.221990	-0.008615	0.056518	0.045363	45.515395	-39.048517	-75.634513
50579	6.499008	5.342972	5.482650	0.037237	0.035062	0.049821	45.503494	-39.061136	-75.587267
50580	6.521748	5.227116	5.416137	0.023595	0.024559	0.063481	45.482614	-39.095910	-75.537931
50581	6.455863	5.166140	5.209124	0.122073	0.006179	0.068919	45.522618	-39.127936	-75.495972
50582	6.532861	5.205393	5.341717	0.161148	0.002765	0.079536	45.582299	-39.178038	-75.449712
50583	6.492404	5.226423	5.361377	0.166002	0.036074	0.094743	45.629022	-39.208721	-75.378629
50584	6.396311	5.331781	5.344988	0.195092	0.025164	0.089121	45.697264	-39.253807	-75.315496
50585	6.519268	5.402183	5.376334	0.156406	0.029914	0.101195	45.738367	-39.289717	-75.244339
50586	6.562888	5.455745	5.447365	0.128816	0.064760	0.099224	45.751832	-39.323034	-75.154919
50587	6.536296	5.610197	5.495404	0.126452	0.080901	0.081426	45.765032	-39.330494	-75.066899
50588	6.612932	5.639911	5.378014	0.093448	0.076867	0.063307	45.765777	-39.344050	-74.989541
50589	6.656668	5.562533	5.282946	0.048149	0.092775	0.062228	45.736378	-39.338883	-74.905121
50590	6.659579	5.249525	5.240798	0.013123	0.097760	0.074791	45.680408	-39.348628	-74.810775
50591	6.646902	5.024641	5.201090	0.001683	0.093300	0.080874	45.618076	-39.350783	-74.716421
50592	6.687987	4.789477	5.076100	0.012057	0.084785	0.093782	45.559375	-39.373471	-74.618972
50593	6.745889	4.401638	4.991827	-0.024878	0.070673	0.133770	45.471891	-39.406172	-74.509045
50594	6.762656	3.849908	4.836518	-0.063321	0.065279	0.188751	45.344441	-39.475638	-74.372035
50595	6.802350	3.388285	4.831798	-0.057202	0.061801	0.244917	45.204022	-39.556811	-74.208318
50596	6.780335	3.119026	4.763799	-0.035999	0.047869	0.298437	45.059456	-39.678187	-74.021648
50597	6.803078	2.828203	4.667644	-0.023688	0.031404	0.350718	44.911628	-39.813903	-73.817103
50598	6.721816	2.883320	4.482832	0.037262	0.022476	0.405763	44.777931	-39.989283	-73.584691
50599	6.617424	3.400247	4.615801	0.135633	0.020786	0.447912	44.689645	-40.167832	-73.332262
50600	6.543053	4.278238	4.904638	0.176551	0.030243	0.458148	44.611395	-40.361424	-73.065133
50601	6.534475	5.095345	5.310750	0.235251	0.020639	0.445905	44.578407	-40.538767	-72.811892
50602	6.578598	5.344581	5.381816	0.231700	-0.002106	0.448784	44.543319	-40.741464	-72.564846
50603	6.681842	4.855338	5.133333	0.174349	-0.044080	0.487561	44.480624	-40.961713	-72.321597
50604	6.852139	4.374720	4.939710	0.164837	-0.082983	0.542560	44.399021	-41.234514	-72.064353
50605	7.065197	4.084550	4.910512	0.216770	-0.108334	0.611930	44.334928	-41.530451	-71.784796
50606	7.248158	4.049256	4.846129	0.275850	-0.119683	0.670634	44.278540	-41.869455	-71.473318
50607	7.280646	4.196000	4.900810	0.302169	-0.090158	0.740741	44.204247	-42.208973	-71.109036
50608	7.199180	4.302325	5.114532	0.297789	-0.078888	0.777765	44.098864	-42.573809	-70.710835
50609	7.078241	4.145150	5.117768	0.259151	-0.084899	0.833044	43.955398	-42.946912	-70.285963
50610	7.011150	3.955237	5.006076	0.224666	-0.104542	0.881287	43.767880	-43.362099	-69.835198
50611	7.106461	3.995825	4.876052	0.206901	-0.141109	0.947492	43.559828	-43.801801	-69.366517
50612	7.280861	4.241380	5.013588	0.191384	-0.140589	1.007187	43.302906	-44.279237	-68.851173
50613	7.379441	4.704600	5.109447	0.189854	-0.113970	1.022481	43.029470	-44.734037	-68.310913
50614	7.463232	5.039842	5.127484	0.185545	-0.099081	1.003601	42.737994	-45.189033	-67.759969
50615	7.450023	5.182359	5.171254	0.168383	-0.081971	0.980714	42.440914	-45.610250	-67.212155
50616	7.446420	5.076694	5.173544	0.171830	-0.076335	1.000521	42.117296	-46.049942	-66.635258
50617	7.525052	4.850754	5.076912	0.147145	-0.117165	1.029473	41.783409	-46.500526	-66.061424
50618	7.642915	4.514377	4.989336	0.064002	-0.125693	1.065981	41.369398	-46.980980	-65.453692
50619	7.556332	4.058605	4.689901	-0.015664	-0.144616	1.137724	40.881849	-47.478463	-64.806537
50620	7.746027	3.767990	4.500132	0.030892	-0.188604	1.191520	40.390060	-48.026070	-64.129171
50621	8.115672	3.851524	4.719835	0.126066	-0.196528	1.224629	39.935068	-48.570953	-63.427731
50622	8.397597	4.118574	5.006480	0.211892	-0.146416	1.230280	39.479917	-49.106919	-62.672666
50623	8.433049	4.349145	5.261787	0.212726	-0.066592	1.222852	38.990760	-49.585884	-61.871883
50624	8.283889	4.188896	5.211640	0.163498	-0.035464	1.226797	38.432537	-50.062130	-61.029213
50625	8.150947	3.776061	5.049535	0.131736	-0.062558	1.233627	37.857729	-50.533089	-60.188570
50626	8.160308	3.265025	4.734631	0.087004	-0.079386	1.283467	37.206628	-51.036454	-59.272527
50627	8.232916	2.948139	4.533362	0.071281	-0.127510	1.344684	36.525016	-51.563264	-58.351327
50628	8.508618	2.905032	4.548903	0.081595	-0.183345	1.392709	35.809277	-52.138103	-57.371848
50629	8.774754	3.065071	4.581034	0.064559	-0.172396	1.409487	35.057582	-52.692841	-56.381053
50630	8.814181	3.121134	4.712503	-0.020898	-0.199505	1.408343	34.229606	-53.264668	-55.350338
50631	8.887020	2.909083	4.825944	-0.103740	-0.226950	1.422508	33.342386	-53.831938	-54.325606
50632	8.939393	2.744964	5.049364	-0.112722	-0.236272	1.457721	32.385947	-54.418393	-53.216659
50633	8.937857	2.780464	5.284352	-0.097135	-0.209426	1.475418	31.397147	-54.972729	-52.077557
50634	8.853958	2.942023	5.212360	-0.114899	-0.171399	1.453863	30.351419	-55.502360	-50.881066
50635	8.778490	3.011050	4.938866	-0.199080	-0.176827	1.431878	29.255994	-56.003742	-49.698145
50636	8.816701	2.911619	4.553906	-0.245071	-0.226156	1.423666	28.109153	-56.525963	-48.480870
50637	8.917901	2.708973	4.350544	-0.254136	-0.298712	1.423355	26.969434	-57.060320	-47.296963
50638	9.076134	2.455702	4.377919	-0.276339	-0.379529	1.429048	25.788163	-57.637235	-46.078593
50639	9.322104	2.224180	4.372111	-0.326262	-0.426463	1.446507	24.559202	-58.216275	-44.853053
50640	9.343547	1.984402	4.513556	-0.361267	-0.412436	1.457541	23.231509	-58.788594	-43.536263
50641	9.288430	1.938940	4.515408	-0.349398	-0.371989	1.463011	21.864928	-59.312032	-42.180360
50642	9.189281	1.943367	4.416080	-0.318203	-0.356457	1.446333	20.459935	-59.819392	-40.763231
50643	9.150907	1.982517	4.276032	-0.294420	-0.379573	1.410028	19.086496	-60.302287	-39.377045
50644	9.123775	2.019117	4.154853	-0.242494	-0.404504	1.379754	17.714307	-60.788898	-37.960916
50645	9.168873	1.965928	4.014435	-0.187847	-0.434335	1.363670	16.376158	-61.260544	-36.558377
50646	9.258850	1.853378	4.052076	-0.132163	-0.483572	1.353011	15.027800	-61.753594	-35.107502
50647	9.377685	1.800547	4.131996	-0.105900	-0.493034	1.359019	13.666517	-62.224674	-33.638332
50648	9.268636	1.752187	4.398126	-0.130498	-0.458653	1.373107	12.197834	-62.672982	-32.065948
50649	9.058482	1.617502	4.462839	-0.145687	-0.424823	1.368668	10.693545	-63.071338	-30.473484
50650	9.000356	1.470898	4.193294	-0.128669	-0.453588	1.331221	9.179097	-63.474370	-28.865317
50651	9.119267	1.329971	3.757217	-0.064206	-0.507056	1.296273	7.728091	-63.874801	-27.291400
50652	9.315171	1.312951	3.609765	0.019789	-0.534294	1.269813	6.291363	-64.281945	-25.682405
50653	9.378809	1.386602	3.560930	0.036105	-0.540932	1.246977	4.869566	-64.663471	-24.087783
50654	9.313835	1.328369	3.464451	-0.005574	-0.532143	1.229447	3.376613	-65.032336	-22.442317
50655	9.089260	1.219781	3.494512	-0.048170	-0.540492	1.230527	1.837453	-65.377036	-20.781141
50656	8.851191	0.912750	3.655819	-0.068368	-0.565045	1.224684	0.227304	-65.727248	-19.058901
50657	8.741135	0.656491	3.759338	-0.026727	-0.572685	1.211712	-1.364781	-66.051393	-17.335280
50658	8.849375	0.491350	3.701053	0.073498	-0.582230	1.179417	-2.924801	-66.372478	-15.587789
50659	9.120937	0.477876	3.686487	0.179518	-0.591833	1.135725	-4.385926	-66.671978	-13.886479
50660	9.323543	0.628159	3.641464	0.233637	-0.575136	1.101606	-5.831543	-66.956107	-12.170410
50661	9.401581	0.689210	3.594460	0.264452	-0.573378	1.071492	-7.231158	-67.214915	-10.490190
50662	9.481642	0.751663	3.545765	0.272638	-0.580435	1.054815	-8.662723	-67.472309	-8.773347
50663	9.441884	0.715422	3.517699	0.252346	-0.583339	1.042470	-10.099771	-67.706626	-7.066292
50664	9.345158	0.580545	3.546303	0.184682	-0.570237	1.038964	-11.622455	-67.926272	-5.310097
50665	9.159819	0.379509	3.754070	0.137586	-0.545732	1.015116	-13.138128	-68.108545	-3.594348
50666	9.141521	0.119239	3.679624	0.097062	-0.522882	0.989613	-14.681573	-68.273397	-1.877245
50667	9.096230	-0.174646	3.745722	0.068350	-0.516824	0.965496	-16.205448	-68.412707	-0.199244
50668	9.255337	-0.489062	3.863854	0.061614	-0.535898	0.929458	-17.733508	-68.560255	1.477312
50669	9.525674	-0.631751	3.855475	0.083512	-0.520708	0.887203	-19.180715	-68.683142	3.079103
50670	9.678632	-0.578268	3.800998	0.119450	-0.489275	0.845008	-20.571371	-68.790398	4.640907
50671	9.801599	-0.507512	3.678427	0.149642	-0.463408	0.809326	-21.872316	-68.870537	6.124222
50672	9.838172	-0.461847	3.666830	0.143070	-0.438562	0.771821	-23.142584	-68.940767	7.570432
50673	9.776390	-0.513749	3.696624	0.119583	-0.410177	0.727301	-24.334447	-68.988318	8.917095
50674	9.616324	-0.537273	3.631326	0.121980	-0.393835	0.669655	-25.462424	-69.038316	10.195337
50675	9.427628	-0.636679	3.528258	0.168111	-0.381993	0.615254	-26.467305	-69.080655	11.370719
50676	9.337312	-0.562346	3.428680	0.258916	-0.359588	0.560816	-27.355465	-69.125178	12.476279
50677	9.219462	-0.498543	3.392109	0.321931	-0.338553	0.504965	-28.102759	-69.161948	13.469676
50678	9.170677	-0.402806	3.434882	0.332785	-0.338859	0.441052	-28.780557	-69.218372	14.392303
50679	9.179872	-0.396734	3.395878	0.325769	-0.326466	0.393297	-29.376229	-69.271861	15.225244
50680	9.149825	-0.260054	3.299697	0.323697	-0.307608	0.338037	-29.905870	-69.335132	15.982169
50681	9.054008	-0.275001	3.227085	0.304916	-0.297278	0.284221	-30.355183	-69.400112	16.645288
50682	9.046770	-0.331293	3.182684	0.287740	-0.281133	0.239479	-30.760298	-69.474550	17.251077
50683	8.978971	-0.287334	3.101878	0.293235	-0.268003	0.190135	-31.076586	-69.549632	17.764425
50684	9.007990	-0.230393	3.047084	0.286644	-0.265721	0.133882	-31.335827	-69.645860	18.210264
50685	9.007427	-0.219739	3.004541	0.276246	-0.255337	0.081579	-31.514705	-69.745599	18.566115
50686	9.011541	-0.151363	2.901214	0.263682	-0.258375	0.017330	-31.630379	-69.872267	18.847144
50687	8.964279	-0.092357	2.810475	0.256989	-0.258095	-0.042835	-31.661869	-70.010288	19.033789
50688	8.890977	-0.112147	2.802835	0.211508	-0.259245	-0.080896	-31.678272	-70.167207	19.175978
50689	8.840594	-0.232930	2.815029	0.134897	-0.295279	-0.104156	-31.731055	-70.341766	19.310561
50690	8.965080	-0.383598	3.004055	0.030251	-0.329181	-0.140994	-31.829521	-70.551053	19.430096
50691	9.224065	-0.566023	3.084438	-0.058917	-0.287747	-0.198847	-31.859651	-70.750473	19.422653
50692	9.308579	-0.733796	3.099699	-0.106665	-0.220734	-0.245192	-31.797042	-70.938508	19.288204
50693	9.293203	-0.823820	2.964913	-0.127668	-0.170221	-0.279826	-31.647467	-71.105054	19.049095
50694	9.205467	-0.923101	2.857629	-0.144742	-0.170133	-0.303229	-31.471962	-71.285555	18.772820
50695	9.242110	-0.999342	2.918821	-0.144976	-0.207799	-0.312014	-31.311297	-71.479648	18.512064
50696	9.292763	-1.053447	3.045981	-0.168557	-0.215797	-0.304791	-31.177767	-71.682593	18.264275
50697	9.405947	-1.184997	3.098198	-0.219413	-0.220827	-0.302934	-31.076482	-71.880014	18.021743
50698	9.520388	-1.244068	2.977373	-0.258572	-0.221847	-0.321184	-30.965743	-72.090017	17.747197
50699	9.704741	-1.341736	2.891049	-0.264233	-0.202077	-0.329862	-30.823643	-72.285845	17.435388
50700	9.781106	-1.390580	2.855219	-0.236552	-0.161041	-0.334641	-30.612760	-72.469175	17.069860
50701	9.832785	-1.356717	2.915585	-0.209399	-0.100342	-0.332281	-30.330439	-72.614770	16.644612
50702	9.721815	-1.327967	2.994361	-0.227903	-0.073939	-0.316661	-30.050095	-72.748604	16.211619
50703	9.759320	-1.265650	2.930411	-0.282680	-0.083237	-0.300710	-29.833499	-72.875503	15.811851
50704	9.705261	-1.362226	2.785095	-0.339403	-0.056871	-0.285872	-29.640403	-72.990854	15.403290
50705	9.675471	-1.430096	2.677805	-0.345865	-0.058596	-0.263890	-29.489092	-73.094295	15.034427
50706	9.696735	-1.415970	2.595215	-0.349084	-0.068834	-0.257455	-29.351660	-73.206788	14.678427
50707	9.821432	-1.554409	2.521212	-0.400080	-0.068250	-0.258222	-29.243364	-73.312972	14.322475
50708	9.842950	-1.770343	2.324480	-0.381287	-0.061071	-0.249530	-29.124055	-73.418648	13.969019
50709	9.899143	-1.845007	2.165706	-0.308558	-0.072315	-0.247592	-28.978923	-73.523479	13.629739
50710	9.834295	-1.721025	2.161536	-0.253907	-0.078034	-0.265105	-28.770286	-73.641503	13.258658
50711	9.822989	-1.602376	2.250883	-0.269391	-0.124342	-0.252102	-28.636777	-73.773143	12.955285
50712	9.851465	-1.521332	2.261687	-0.292654	-0.163775	-0.231922	-28.581802	-73.924651	12.722763
50713	9.952993	-1.524725	2.211082	-0.292435	-0.171491	-0.195830	-28.598831	-74.064424	12.562710
50714	9.929734	-1.553707	2.244412	-0.225446	-0.120914	-0.191987	-28.530693	-74.183442	12.356439
50715	9.862829	-1.499713	2.199246	-0.076027	-0.102379	-0.178601	-28.384030	-74.283606	12.155331
50716	9.543968	-1.084161	2.173525	0.075597	-0.093275	-0.211042	-28.077575	-74.393425	11.882174
50717	9.439681	-0.919584	2.058996	0.102981	-0.121264	-0.236891	-27.734074	-74.518261	11.583439
50718	9.525754	-0.930790	1.949328	0.132920	-0.115187	-0.247737	-27.338879	-74.648153	11.252666
50719	9.655072	-0.891322	2.007058	0.195787	-0.120850	-0.251786	-26.902724	-74.775571	10.913376
50720	9.714845	-0.685232	2.365649	0.251120	-0.134742	-0.259434	-26.423132	-74.917437	10.564625
50721	9.757904	-0.756617	2.427282	0.227616	-0.156666	-0.248316	-25.995329	-75.060959	10.253315
50722	9.880643	-1.074718	2.355444	0.218206	-0.147092	-0.199559	-25.647256	-75.192777	10.023163
50723	9.804339	-1.241177	2.269779	0.293694	-0.146614	-0.188323	-25.277358	-75.315269	9.811268
50724	9.727716	-1.231466	2.165112	0.314704	-0.205003	-0.214052	-24.888525	-75.479866	9.595653
50725	9.779857	-1.381567	1.948414	0.287421	-0.274610	-0.205308	-24.596440	-75.672358	9.460709
50726	9.985359	-1.794866	1.769309	0.284783	-0.286195	-0.158948	-24.402610	-75.865573	9.429758
50727	10.011128	-2.081767	1.806232	0.371694	-0.247435	-0.122316	-24.200257	-76.024051	9.437318
50728	9.870750	-1.921667	2.150281	0.443055	-0.218852	-0.101353	-23.969812	-76.168466	9.463024
50729	9.647371	-1.616149	2.343809	0.378338	-0.220149	-0.096575	-23.788264	-76.306700	9.495921
50730	9.562857	-1.411463	2.204579	0.235592	-0.260533	-0.099154	-23.719869	-76.472301	9.564407
50731	9.632614	-1.350821	1.951533	0.078646	-0.270569	-0.100885	-23.748535	-76.638004	9.636855
50732	9.652435	-1.297160	1.944353	-0.024520	-0.255058	-0.099804	-23.825379	-76.800722	9.701198
50733	9.648711	-1.299248	1.951314	-0.061835	-0.243982	-0.079908	-23.958938	-76.947591	9.798614
50734	9.665480	-1.303556	1.946235	-0.033392	-0.236668	-0.079207	-24.074116	-77.095538	9.899764
50735	9.678313	-1.340675	1.892804	0.034842	-0.234450	-0.074768	-24.159046	-77.236141	10.004009
50736	9.683955	-1.399323	1.832500	0.124174	-0.217818	-0.053410	-24.229270	-77.368118	10.149829
50737	9.685047	-1.388867	1.945221	0.185683	-0.212419	-0.045330	-24.277194	-77.490238	10.304606
50738	9.652496	-1.202874	1.990473	0.206604	-0.208414	-0.045701	-24.313507	-77.615437	10.461901
50739	9.754826	-1.176615	1.988367	0.196311	-0.203204	-0.034609	-24.374965	-77.730171	10.636625
50740	9.809017	-1.170672	2.004592	0.210495	-0.185847	-0.026593	-24.435115	-77.838728	10.821707
50741	9.880053	-0.878747	2.114171	0.204545	-0.164535	-0.025772	-24.474721	-77.931135	10.978772
50742	9.887109	-0.561992	2.213294	0.176533	-0.145104	-0.040963	-24.477445	-78.021609	11.085176
50743	9.955734	-0.381655	2.195979	0.142952	-0.128533	-0.050586	-24.453157	-78.101131	11.140767
50744	9.940871	-0.526579	2.171870	0.106543	-0.101283	-0.053534	-24.415195	-78.171583	11.164529
50745	9.891721	-0.714523	2.146617	0.086608	-0.085374	-0.055722	-24.361634	-78.229822	11.157213
