// Start Time: Unknown
// Update Rate: 100.0Hz
// Filter Profile: human (46.1)
// Firmware Version: 4.3.5
PacketCounter	Acc_X	Acc_Y	Acc_Z	VelInc_X	VelInc_Y	VelInc_Z	Roll	Pitch	Yaw
08244	0.072149	0.103090	9.829365	0.000727	0.001028	0.098294	0.599321	-0.423830	8.389348
08245	0.065291	0.080135	9.830930	0.000659	0.000797	0.098309	0.532222	-0.406436	8.076702
08246	0.079396	0.075316	9.800503	0.000800	0.000749	0.098005	0.537318	-0.399192	8.069769
08247	0.053556	0.111049	9.859791	0.000539	0.001109	0.098598	0.538295	-0.393700	8.061455
08248	0.069467	0.082031	9.854231	0.000700	0.000816	0.098542	0.542938	-0.387011	8.056101
08249	0.061038	0.083011	9.830934	0.000616	0.000826	0.098309	0.546480	-0.380324	8.048911
08250	0.061407	0.059763	9.855806	0.000620	0.000595	0.098558	0.549839	-0.372881	8.042262
08251	0.064473	0.107937	9.829366	0.000649	0.001076	0.098294	0.550061	-0.367175	8.034681
08252	0.087686	0.078714	9.847124	0.000882	0.000784	0.098471	0.553414	-0.361297	8.027824
08253	0.079399	0.079594	9.823825	0.000799	0.000792	0.098238	0.558457	-0.355619	8.021904
08254	0.063900	0.080692	9.777222	0.000643	0.000804	0.097772	0.562016	-0.350457	8.015713
08255	0.092068	0.080561	9.870436	0.000926	0.000802	0.098704	0.562392	-0.344143	8.007846
08256	0.061147	0.087574	9.854238	0.000617	0.000871	0.098542	0.568353	-0.337771	8.000663
08257	0.075361	0.082736	9.823831	0.000759	0.000824	0.098238	0.574060	-0.331790	7.994561
08258	0.053208	0.065490	9.855817	0.000538	0.000651	0.098558	0.578283	-0.325220	7.987663
08259	0.087707	0.083822	9.870449	0.000882	0.000834	0.098704	0.581333	-0.319602	7.981114
08260	0.089020	0.055357	9.818326	0.000896	0.000550	0.098183	0.585557	-0.313031	7.974216
08261	0.083998	0.109197	9.845564	0.000845	0.001088	0.098456	0.588697	-0.307891	7.967871
08262	0.077180	0.086237	9.847149	0.000778	0.000859	0.098471	0.592714	-0.300598	7.960305
08263	0.047772	0.069138	9.855820	0.000483	0.000688	0.098558	0.590577	-0.294878	7.950232
08264	0.052389	0.093573	9.854234	0.000530	0.000932	0.098542	0.595220	-0.288174	7.944874
08265	0.089200	0.082575	9.816767	0.000898	0.000824	0.098168	0.595384	-0.282689	7.937800
08266	0.095220	0.082941	9.840086	0.000959	0.000826	0.098401	0.599161	-0.275103	7.932687
08267	0.069823	0.113388	9.822262	0.000704	0.001130	0.098223	0.602017	-0.270576	7.925894
08268	0.070191	0.090270	9.847165	0.000708	0.000899	0.098472	0.606454	-0.263151	7.919867
08269	0.069051	0.091035	9.847166	0.000696	0.000907	0.098472	0.602446	-0.253895	7.909928
08270	0.073648	0.115383	9.845576	0.000742	0.001151	0.098456	0.605585	-0.247278	7.902393
08271	0.066922	0.092307	9.847169	0.000674	0.000920	0.098472	0.611682	-0.243746	7.896147
08272	0.088715	0.087059	9.840111	0.000890	0.000868	0.098401	0.615000	-0.239845	7.892201
08273	0.072438	0.093395	9.870487	0.000730	0.000931	0.098705	0.608932	-0.238345	7.879945
08274	0.088333	0.064573	9.865031	0.000888	0.000642	0.098650	0.613770	-0.232357	7.875246
08275	0.063118	0.095007	9.847168	0.000636	0.000947	0.098472	0.611354	-0.227710	7.866074
08276	0.070845	0.071755	9.895407	0.000714	0.000713	0.098954	0.616640	-0.221159	7.859790
08277	0.060908	0.096518	9.847168	0.000615	0.000962	0.098472	0.618350	-0.216003	7.853642
08278	0.048545	0.049869	9.850367	0.000490	0.000494	0.098504	0.623435	-0.210294	7.846487
08279	0.060390	0.074131	9.872090	0.000609	0.000739	0.098721	0.621467	-0.206077	7.840436
08280	0.080380	0.092855	9.840130	0.000809	0.000924	0.098401	0.627002	-0.199803	7.831696
08281	0.089195	0.064276	9.811377	0.000896	0.000639	0.098114	0.622756	-0.195509	7.820707
08282	0.034692	0.082106	9.879122	0.000353	0.000819	0.098791	0.624554	-0.188551	7.814981
08283	0.048898	0.076980	9.848769	0.000495	0.000765	0.098488	0.623408	-0.184476	7.805897
08284	0.060742	0.101371	9.870487	0.000611	0.001010	0.098705	0.627795	-0.180152	7.799431
08285	0.062411	0.072821	9.818417	0.000630	0.000725	0.098184	0.628328	-0.181611	7.793245
08286	0.081355	0.096868	9.863467	0.000819	0.000966	0.098635	0.630988	-0.175556	7.787272
08287	0.095650	0.091727	9.833127	0.000963	0.000914	0.098331	0.626090	-0.169114	7.774901
08288	0.056502	0.104014	9.870485	0.000569	0.001036	0.098705	0.630246	-0.164078	7.767754
08289	0.088234	0.069322	9.834743	0.000885	0.000691	0.098347	0.624764	-0.162980	7.756614
08290	0.047614	0.105402	9.847150	0.000483	0.001049	0.098472	0.630189	-0.155546	7.751164
08291	0.076304	0.100213	9.863474	0.000768	0.000999	0.098635	0.628249	-0.156152	7.743555
08292	0.062554	0.077220	9.841757	0.000630	0.000769	0.098418	0.631720	-0.150969	7.737310
08293	0.089820	0.095914	9.833142	0.000904	0.000954	0.098331	0.634439	-0.144925	7.727922
08294	0.060525	0.078997	9.841756	0.000610	0.000786	0.098418	0.639454	-0.139166	7.720724
08295	0.087761	0.097582	9.833144	0.000883	0.000973	0.098331	0.637945	-0.141580	7.716657
08296	0.086664	0.098218	9.833147	0.000872	0.000979	0.098331	0.642099	-0.134987	7.709709
08297	0.050119	0.081133	9.818422	0.000507	0.000808	0.098184	0.639618	-0.137803	7.700077
08298	0.070683	0.081440	9.888433	0.000711	0.000812	0.098884	0.642637	-0.133230	7.695416
08299	0.083558	0.100171	9.833154	0.000842	0.000998	0.098332	0.640230	-0.139139	7.689644
08300	0.082488	0.100921	9.833156	0.000829	0.001006	0.098332	0.644344	-0.134268	7.682481
08301	0.070451	0.054233	9.836405	0.000709	0.000539	0.098364	0.642519	-0.138337	7.673940
08302	0.087717	0.102318	9.856496	0.000884	0.001019	0.098565	0.646844	-0.131093	7.667856
08303	0.080961	0.079263	9.858127	0.000815	0.000790	0.098581	0.641638	-0.129201	7.656772
08304	0.048494	0.109703	9.816787	0.000490	0.001092	0.098168	0.647028	-0.123098	7.647962
08305	0.078770	0.080716	9.858133	0.000794	0.000805	0.098581	0.641097	-0.126169	7.637385
08306	0.035184	0.063435	9.820044	0.000356	0.000632	0.098200	0.643801	-0.121051	7.632014
08307	0.083852	0.081732	9.881484	0.000844	0.000814	0.098815	0.642114	-0.124011	7.623908
08308	0.061338	0.082611	9.811454	0.000618	0.000823	0.098115	0.645277	-0.118379	7.616956
08309	0.067488	0.083271	9.834799	0.000680	0.000828	0.098348	0.654020	-0.119462	7.618330
08310	0.066495	0.084096	9.834799	0.000670	0.000837	0.098348	0.658391	-0.113872	7.612063
08311	0.072503	0.084764	9.858147	0.000731	0.000844	0.098581	0.663167	-0.120147	7.613257
08312	0.071308	0.085482	9.858150	0.000719	0.000851	0.098581	0.667449	-0.113939	7.606375
08313	0.063030	0.086311	9.834802	0.000636	0.000859	0.098348	0.671213	-0.112737	7.603424
08314	0.069153	0.087022	9.858152	0.000696	0.000867	0.098582	0.675564	-0.108066	7.596367
08315	0.089271	0.105798	9.826223	0.000898	0.001054	0.098262	0.678958	-0.105682	7.589487
08316	0.054432	0.064864	9.836443	0.000549	0.000646	0.098364	0.682484	-0.100091	7.582687
08317	0.066080	0.089152	9.858154	0.000666	0.000888	0.098582	0.687372	-0.096271	7.580998
08318	0.080616	0.084037	9.827873	0.000811	0.000837	0.098279	0.690981	-0.090610	7.574228
08319	0.058498	0.066729	9.859799	0.000590	0.000663	0.098598	0.698194	-0.094290	7.576762
08320	0.055850	0.091244	9.834801	0.000564	0.000909	0.098348	0.702784	-0.087996	7.570002
08321	0.061820	0.091972	9.858155	0.000624	0.000916	0.098582	0.701031	-0.093603	7.562117
08322	0.076280	0.087120	9.827881	0.000768	0.000866	0.098279	0.706924	-0.087696	7.553521
08323	0.080768	0.111709	9.826232	0.000813	0.001113	0.098262	0.710364	-0.085508	7.549152
08324	0.058716	0.094477	9.858151	0.000591	0.000941	0.098582	0.714987	-0.080791	7.542203
08325	0.060677	0.065777	9.806177	0.000612	0.000654	0.098062	0.725433	-0.082085	7.547899
08326	0.079372	0.090102	9.851242	0.000798	0.000898	0.098512	0.729330	-0.076945	7.544405
08327	0.062700	0.096596	9.881507	0.000633	0.000961	0.098815	0.730582	-0.085544	7.535594
08328	0.064639	0.068022	9.829540	0.000651	0.000676	0.098295	0.735803	-0.080864	7.530278
08329	0.069163	0.092665	9.827883	0.000697	0.000921	0.098279	0.744014	-0.085341	7.531511
08330	0.098021	0.087647	9.844348	0.000984	0.000874	0.098443	0.747402	-0.081383	7.525654
08331	0.089916	0.088248	9.820991	0.000905	0.000879	0.098210	0.757207	-0.082091	7.530916
08332	0.037807	0.076744	9.836435	0.000384	0.000764	0.098364	0.762312	-0.076035	7.524385
08333	0.072077	0.095332	9.851249	0.000725	0.000951	0.098512	0.764124	-0.073070	7.522101
08334	0.086736	0.090229	9.821001	0.000872	0.000898	0.098210	0.769484	-0.067630	7.516255
08335	0.070083	0.096593	9.851251	0.000706	0.000964	0.098512	0.776105	-0.068313	7.520088
08336	0.056430	0.073435	9.829552	0.000570	0.000731	0.098296	0.780985	-0.062259	7.512081
08337	0.090606	0.092275	9.844377	0.000912	0.000918	0.098444	0.789656	-0.067890	7.512969
08338	0.082607	0.092992	9.821011	0.000830	0.000928	0.098210	0.793117	-0.064008	7.505767
08339	0.073154	0.099329	9.874620	0.000737	0.000989	0.098746	0.801010	-0.061316	7.509151
08340	0.066667	0.076430	9.876288	0.000672	0.000760	0.098763	0.807421	-0.055991	7.502553
08341	0.074178	0.071431	9.822685	0.000748	0.000711	0.098227	0.813115	-0.056530	7.504029
08342	0.071450	0.095827	9.797647	0.000720	0.000955	0.097976	0.818758	-0.050309	7.497715
08343	0.077442	0.096596	9.821019	0.000779	0.000962	0.098210	0.823564	-0.047310	7.497428
08344	0.077925	0.073522	9.846066	0.000785	0.000733	0.098461	0.827942	-0.040697	7.492967
08345	0.052475	0.103730	9.827876	0.000530	0.001032	0.098279	0.834448	-0.052793	7.488829
08346	0.075797	0.075184	9.846070	0.000762	0.000748	0.098461	0.840222	-0.048232	7.482372
08347	0.052061	0.081676	9.852920	0.000526	0.000813	0.098529	0.841381	-0.059328	7.475611
08348	0.066593	0.076700	9.822700	0.000672	0.000763	0.098227	0.847160	-0.053337	7.469366
08349	0.065463	0.077529	9.822701	0.000660	0.000771	0.098227	0.849134	-0.059626	7.462996
08350	0.065963	0.054617	9.847759	0.000665	0.000543	0.098478	0.854457	-0.054269	7.458344
08351	0.070291	0.079184	9.846079	0.000709	0.000787	0.098461	0.856566	-0.060904	7.449891
08352	0.069110	0.080056	9.846081	0.000697	0.000797	0.098461	0.862348	-0.055065	7.443654
08353	0.068110	0.080795	9.846082	0.000685	0.000804	0.098461	0.863988	-0.062632	7.437503
08354	0.067082	0.081418	9.846084	0.000677	0.000812	0.098461	0.868446	-0.056582	7.433106
08355	0.058830	0.082068	9.822706	0.000595	0.000816	0.098227	0.870938	-0.061133	7.427503
08356	0.094565	0.077282	9.862646	0.000950	0.000769	0.098626	0.876724	-0.057054	7.421074
08357	0.055191	0.107301	9.797634	0.000558	0.001069	0.097976	0.878184	-0.060631	7.415942
08358	0.082204	0.090503	9.993196	0.000826	0.000901	0.099932	0.884631	-0.056774	7.408598
08359	0.026640	0.085015	9.729170	0.000273	0.000846	0.097292	0.886234	-0.055141	7.405515
08360	0.074655	0.085928	9.892856	0.000751	0.000859	0.098929	0.888517	-0.050782	7.399647
08361	0.082349	0.080705	9.839282	0.000829	0.000802	0.098393	0.893365	-0.051588	7.397945
08362	0.072709	0.105279	9.790816	0.000732	0.001048	0.097908	0.900021	-0.046916	7.391481
08363	0.064628	0.088183	9.869472	0.000651	0.000879	0.098695	0.902180	-0.046856	7.390722
08364	0.062099	0.112521	9.844387	0.000626	0.001122	0.098444	0.907766	-0.042154	7.383626
08365	0.071194	0.065921	9.917947	0.000718	0.000656	0.099179	0.909376	-0.040979	7.382213
08366	0.056026	0.084403	9.769127	0.000568	0.000838	0.097691	0.917377	-0.033467	7.374327
08367	0.075913	0.085619	9.839292	0.000763	0.000852	0.098393	0.920689	-0.036099	7.375082
08368	0.053896	0.068122	9.871175	0.000544	0.000681	0.098712	0.922996	-0.031778	7.369224
08369	0.068639	0.062956	9.841001	0.000692	0.000624	0.098410	0.926328	-0.030956	7.365983
08370	0.043250	0.093157	9.822688	0.000437	0.000928	0.098227	0.931915	-0.026271	7.358886
08371	0.079124	0.088407	9.862689	0.000795	0.000880	0.098627	0.933835	-0.027460	7.356763
08372	0.072780	0.065421	9.864397	0.000733	0.000650	0.098644	0.939627	-0.021930	7.350542
08373	0.057793	0.065915	9.817614	0.000582	0.000656	0.098176	0.939743	-0.022369	7.347166
08374	0.078151	0.084512	9.785739	0.000785	0.000842	0.097857	0.944651	-0.019110	7.340776
08375	0.099678	0.062028	9.881028	0.001003	0.000615	0.098810	0.947801	-0.016159	7.338958
08376	0.061850	0.068127	9.841011	0.000623	0.000681	0.098410	0.950084	-0.011840	7.333088
08377	0.066234	0.092434	9.839301	0.000668	0.000919	0.098393	0.953331	-0.010979	7.329246
08378	0.052871	0.069316	9.817618	0.000533	0.000691	0.098176	0.957774	-0.006717	7.324648
08379	0.087046	0.088226	9.832541	0.000875	0.000878	0.098325	0.958938	-0.007427	7.319899
08380	0.070180	0.094712	9.862698	0.000708	0.000944	0.098627	0.963628	-0.001880	7.313033
08381	0.086432	0.065966	9.857665	0.000870	0.000656	0.098577	0.965034	-0.002423	7.310219
08382	0.090913	0.090349	9.855949	0.000912	0.000901	0.098559	0.969464	0.000235	7.305414
08383	0.053274	0.096696	9.815897	0.000539	0.000960	0.098159	0.973120	0.001806	7.300587
08384	0.059054	0.097874	9.839294	0.000596	0.000975	0.098393	0.978875	0.007303	7.294351
08385	0.075338	0.069191	9.834275	0.000759	0.000689	0.098343	0.978718	0.010546	7.287770
08386	0.086520	0.093818	9.855957	0.000871	0.000934	0.098560	0.984874	0.016184	7.283081
08387	0.078478	0.094483	9.832555	0.000790	0.000941	0.098326	0.985580	0.016770	7.279186
08388	0.072104	0.071505	9.834283	0.000726	0.000711	0.098343	0.991524	0.021560	7.273616
08389	0.060611	0.101802	9.862691	0.000611	0.001014	0.098627	0.992844	0.022012	7.270797
08390	0.054175	0.078806	9.864419	0.000547	0.000784	0.098644	0.998584	0.027525	7.264553
08391	0.062000	0.073660	9.810883	0.000625	0.000733	0.098109	1.000849	0.029389	7.263179
08392	0.074937	0.074521	9.857698	0.000754	0.000743	0.098577	1.004442	0.033395	7.255463
08393	0.095116	0.093111	9.825842	0.000957	0.000927	0.098258	1.003838	0.031782	7.250385
08394	0.071178	0.099598	9.832560	0.000717	0.000991	0.098326	1.010643	0.037250	7.244772
08395	0.070115	0.100508	9.832559	0.000706	0.001001	0.098326	1.012895	0.037273	7.241180
08396	0.072308	0.054192	9.882851	0.000728	0.000537	0.098828	1.019499	0.041889	7.234691
08397	0.068181	0.102162	9.832555	0.000686	0.001018	0.098326	1.020375	0.042972	7.232677
08398	0.075741	0.079424	9.881116	0.000763	0.000790	0.098811	1.026315	0.047748	7.227106
08399	0.053939	0.079568	9.810884	0.000545	0.000793	0.098109	1.027841	0.049035	7.227671
08400	0.088020	0.098533	9.825855	0.000885	0.000981	0.098259	1.034004	0.053091	7.222781
08401	0.109950	0.093678	9.819159	0.001104	0.000933	0.098192	1.034921	0.052104	7.218325
08402	0.064891	0.082163	9.857708	0.000655	0.000816	0.098577	1.042628	0.058277	7.212685
08403	0.063767	0.083151	9.857707	0.000643	0.000827	0.098577	1.047760	0.058563	7.214016
08404	0.050459	0.059974	9.836041	0.000510	0.000597	0.098360	1.052877	0.064210	7.208707
08405	0.084411	0.078992	9.851024	0.000849	0.000786	0.098510	1.057185	0.063803	7.210023
08406	0.095561	0.103669	9.872693	0.000961	0.001033	0.098727	1.063001	0.069295	7.203810
08407	0.050934	0.109358	9.809125	0.000515	0.001091	0.098091	1.066334	0.070275	7.208986
08408	0.104092	0.075584	9.844355	0.001045	0.000751	0.098444	1.073927	0.074024	7.202302
08409	0.050569	0.087312	9.834290	0.000512	0.000871	0.098343	1.076838	0.076973	7.206033
08410	0.084425	0.106373	9.849283	0.000850	0.001059	0.098493	1.083793	0.082457	7.200482
08411	0.071212	0.083195	9.827619	0.000717	0.000829	0.098276	1.086365	0.083119	7.202861
08412	0.061223	0.089867	9.881127	0.000617	0.000895	0.098811	1.092463	0.087911	7.197355
08413	0.069133	0.084794	9.827621	0.000697	0.000843	0.098276	1.100637	0.096886	7.203977
08414	0.069738	0.062122	9.852802	0.000701	0.000617	0.098528	1.106784	0.100176	7.198283
08415	0.067248	0.086318	9.827620	0.000678	0.000861	0.098276	1.110471	0.105675	7.204813
08416	0.050215	0.092704	9.857700	0.000508	0.000923	0.098577	1.116450	0.111310	7.198660
08417	0.073473	0.064172	9.876236	0.000741	0.000639	0.098762	1.119942	0.123539	7.206638
08418	0.076077	0.112177	9.849287	0.000766	0.001117	0.098493	1.126831	0.128406	7.200252
08419	0.062844	0.089049	9.827625	0.000634	0.000886	0.098276	1.135471	0.138989	7.212282
08420	0.084639	0.084210	9.820982	0.000851	0.000839	0.098210	1.140879	0.143389	7.206872
08421	0.069258	0.067122	9.876247	0.000698	0.000667	0.098762	1.143353	0.154978	7.212525
08422	0.066616	0.091340	9.851053	0.000671	0.000910	0.098511	1.148508	0.159741	7.209587
08423	0.079370	0.092434	9.897911	0.000799	0.000921	0.098979	1.153836	0.169213	7.217416
08424	0.059307	0.068946	9.852825	0.000599	0.000686	0.098528	1.159959	0.175222	7.211302
08425	0.086262	0.087918	9.844425	0.000868	0.000875	0.098444	1.161704	0.181643	7.210499
08426	0.055477	0.093850	9.827625	0.000560	0.000936	0.098276	1.166290	0.187140	7.205341
08427	0.078936	0.065409	9.846206	0.000794	0.000650	0.098462	1.167372	0.188094	7.203400
08428	0.041368	0.071207	9.805966	0.000419	0.000709	0.098060	1.172828	0.194299	7.198202
08429	0.045547	0.095741	9.804188	0.000460	0.000953	0.098042	1.174545	0.195081	7.194597
08430	0.080938	0.091518	9.844438	0.000816	0.000911	0.098444	1.180873	0.201989	7.189361
08431	0.063785	0.098081	9.874486	0.000643	0.000977	0.098745	1.181950	0.202861	7.186655
08432	0.077133	0.116716	9.819224	0.000777	0.001162	0.098192	1.189412	0.208634	7.178703
08433	0.093751	0.088272	9.814398	0.000942	0.000879	0.098144	1.190325	0.208675	7.175094
08434	0.060762	0.100390	9.874482	0.000613	0.001002	0.098745	1.194231	0.214323	7.170851
08435	0.061303	0.077347	9.899704	0.000618	0.000770	0.098997	1.194271	0.215180	7.167459
08436	0.061051	0.095332	9.797570	0.000615	0.000949	0.097976	1.201264	0.220371	7.161101
08437	0.060110	0.096185	9.797568	0.000606	0.000958	0.097976	1.202587	0.220489	7.159026
08438	0.079705	0.097654	9.867883	0.000801	0.000974	0.098679	1.207626	0.225002	7.152067
08439	0.073403	0.074517	9.869674	0.000740	0.000742	0.098697	1.208365	0.227308	7.147962
08440	0.079810	0.092721	9.790979	0.000804	0.000923	0.097910	1.214480	0.233370	7.141845
08441	0.057565	0.075617	9.822796	0.000580	0.000751	0.098228	1.217143	0.233151	7.137915
08442	0.070193	0.077000	9.869678	0.000708	0.000767	0.098697	1.222585	0.239356	7.132715
08443	0.063880	0.053927	9.871475	0.000644	0.000535	0.098715	1.223674	0.240169	7.129954
08444	0.031594	0.083449	9.829371	0.000321	0.000831	0.098294	1.229988	0.245503	7.124513
08445	0.083102	0.073497	9.839665	0.000836	0.000731	0.098397	1.231047	0.246334	7.121773
08446	0.092436	0.121743	9.836074	0.000930	0.001215	0.098361	1.236077	0.252419	7.115016
08447	0.074270	0.074567	9.816227	0.000746	0.000742	0.098162	1.237148	0.251601	7.112055
08448	0.073315	0.075366	9.816228	0.000739	0.000750	0.098162	1.243662	0.257779	7.107494
08449	0.068217	0.105858	9.867885	0.000687	0.001056	0.098679	1.242834	0.257857	7.104194
08450	0.056867	0.058871	9.871489	0.000574	0.000585	0.098715	1.248735	0.263070	7.097196
08451	0.054197	0.083098	9.846240	0.000548	0.000827	0.098462	1.249545	0.264624	7.093762
08452	0.075983	0.078376	9.839685	0.000765	0.000780	0.098397	1.255851	0.269956	7.088321
08453	0.074889	0.079178	9.839687	0.000755	0.000788	0.098397	1.257031	0.271381	7.086410
08454	0.073672	0.079946	9.839690	0.000743	0.000796	0.098397	1.262926	0.278166	7.079614
08455	0.071185	0.104032	9.814433	0.000714	0.001038	0.098144	1.262207	0.275857	7.076750
08456	0.055867	0.086952	9.869687	0.000564	0.000866	0.098697	1.268303	0.281912	7.070632
08457	0.058884	0.057936	9.818052	0.000594	0.000574	0.098181	1.270569	0.282666	7.065378
08458	0.047019	0.088371	9.846231	0.000474	0.000880	0.098462	1.276603	0.286675	7.062211
08459	0.091862	0.078182	9.833158	0.000924	0.000778	0.098332	1.277458	0.286977	7.059299
08460	0.086677	0.108774	9.884788	0.000872	0.001085	0.098848	1.282674	0.292318	7.053219
08461	0.060244	0.084798	9.816240	0.000607	0.000843	0.098162	1.283786	0.291961	7.049710
08462	0.066019	0.086020	9.839693	0.000666	0.000856	0.098397	1.290540	0.297863	7.042671
08463	0.059921	0.063055	9.841511	0.000603	0.000627	0.098415	1.291512	0.295491	7.039474
08464	0.071008	0.087827	9.863148	0.000715	0.000876	0.098631	1.296248	0.300230	7.034989
08465	0.056460	0.087771	9.816236	0.000570	0.000874	0.098162	1.296202	0.300019	7.029488
08466	0.056919	0.064966	9.841517	0.000575	0.000646	0.098415	1.301603	0.306177	7.024287
08467	0.067671	0.089880	9.863153	0.000682	0.000894	0.098632	1.304596	0.305939	7.027166
08468	0.054681	0.066519	9.841519	0.000552	0.000662	0.098415	1.309796	0.311238	7.021087
08469	0.065618	0.091272	9.863154	0.000661	0.000910	0.098632	1.309502	0.308977	7.022410
08470	0.064591	0.091967	9.863155	0.000652	0.000916	0.098632	1.315568	0.314964	7.016292
08471	0.086409	0.087259	9.856653	0.000869	0.000869	0.098567	1.315382	0.312440	7.014908
08472	0.055795	0.093012	9.839693	0.000563	0.000927	0.098397	1.320498	0.317227	7.011983
08473	0.059995	0.117544	9.837861	0.000605	0.001171	0.098379	1.323373	0.316033	7.017844
08474	0.076743	0.089150	9.833195	0.000773	0.000887	0.098332	1.329699	0.321728	7.009251
08475	0.075684	0.089946	9.833196	0.000762	0.000896	0.098332	1.329039	0.322267	7.006514
08476	0.051747	0.096019	9.839686	0.000523	0.000958	0.098397	1.333533	0.327651	7.001351
08477	0.080341	0.091579	9.856665	0.000809	0.000912	0.098567	1.334699	0.328228	7.001403
08478	0.040161	0.103333	9.893100	0.000408	0.001032	0.098931	1.337908	0.334361	6.994921
08479	0.095917	0.063410	9.852029	0.000964	0.000630	0.098520	1.339362	0.334413	6.995807
08480	0.047543	0.098507	9.839683	0.000480	0.000981	0.098397	1.345806	0.338897	6.991046
08481	0.087226	0.064609	9.828570	0.000878	0.000643	0.098286	1.346321	0.340119	6.988984
08482	0.056457	0.070415	9.811578	0.000570	0.000700	0.098116	1.352759	0.346176	6.984425
08483	0.084989	0.066170	9.828579	0.000855	0.000658	0.098286	1.353882	0.347381	6.984504
08484	0.059393	0.095786	9.809736	0.000600	0.000954	0.098097	1.359912	0.353322	6.978385
08485	0.050422	0.079305	9.888454	0.000509	0.000789	0.098885	1.360934	0.354009	6.978255
08486	0.086908	0.092306	9.826745	0.000874	0.000919	0.098267	1.367162	0.359220	6.972816
08487	0.087380	0.069795	9.852065	0.000880	0.000693	0.098521	1.369070	0.360578	6.969852
08488	0.056676	0.075592	9.835051	0.000571	0.000753	0.098350	1.373743	0.365215	6.965370
08489	0.062325	0.076466	9.858526	0.000629	0.000762	0.098585	1.373570	0.366700	6.966543
08490	0.066393	0.100969	9.856677	0.000668	0.001005	0.098567	1.380669	0.371036	6.960866
08491	0.053716	0.077651	9.835051	0.000542	0.000772	0.098351	1.381612	0.370759	6.961039
08492	0.075675	0.073054	9.828607	0.000762	0.000727	0.098286	1.387829	0.375959	6.955602
08493	0.063494	0.103297	9.856672	0.000640	0.001031	0.098567	1.388191	0.376191	6.958883
08494	0.066914	0.073837	9.805137	0.000674	0.000735	0.098051	1.393332	0.381407	6.952809
08495	0.072579	0.074936	9.828616	0.000731	0.000745	0.098286	1.393857	0.382311	6.952508
08496	0.055387	0.081507	9.858527	0.000558	0.000811	0.098585	1.399868	0.386659	6.946192
08497	0.082350	0.100564	9.850239	0.000830	0.001003	0.098502	1.400432	0.389220	6.950406
08498	0.046616	0.082406	9.835049	0.000471	0.000820	0.098350	1.406850	0.393688	6.945655
08499	0.080343	0.102105	9.850240	0.000808	0.001017	0.098502	1.408569	0.393617	6.946073
08500	0.097238	0.073628	9.845681	0.000977	0.000734	0.098457	1.413229	0.398237	6.941601
08501	0.066535	0.079218	9.828625	0.000672	0.000789	0.098286	1.413194	0.400296	6.940260
08502	0.065266	0.080032	9.828627	0.000659	0.000796	0.098286	1.420069	0.406924	6.934112
08503	0.059182	0.057102	9.830493	0.000596	0.000567	0.098305	1.422134	0.408217	6.937557
08504	0.076593	0.082421	9.875594	0.000772	0.000822	0.098756	1.426380	0.414305	6.931726
08505	0.057533	0.112248	9.880136	0.000581	0.001118	0.098801	1.426234	0.417635	6.931628
08506	0.060960	0.083112	9.828629	0.000615	0.000826	0.098286	1.433571	0.423301	6.923676
08507	0.071605	0.108158	9.850243	0.000721	0.001079	0.098502	1.433299	0.422640	6.923751
08508	0.070574	0.108858	9.850243	0.000711	0.001085	0.098502	1.439483	0.427839	6.918320
08509	0.069618	0.109634	9.850241	0.000701	0.001093	0.098502	1.440927	0.429057	6.919209
08510	0.027503	0.091015	9.811533	0.000279	0.000907	0.098115	1.446438	0.432823	6.914499
08511	0.057798	0.063456	9.853990	0.000583	0.000631	0.098540	1.444943	0.434966	6.912396
08512	0.068366	0.088373	9.875603	0.000690	0.000881	0.098756	1.449554	0.441181	6.908121
08513	0.076880	0.083064	9.822239	0.000774	0.000824	0.098222	1.450377	0.443430	6.903520
08514	0.047827	0.065619	9.830502	0.000484	0.000653	0.098305	1.455840	0.448784	6.898996
08515	0.083072	0.061832	9.871104	0.000835	0.000615	0.098711	1.452869	0.452957	6.896331
08516	0.059093	0.067885	9.877485	0.000597	0.000675	0.098775	1.458781	0.458928	6.890198
08517	0.056336	0.092002	9.852110	0.000569	0.000916	0.098521	1.453849	0.463903	6.884023
08518	0.071510	0.086953	9.822246	0.000721	0.000866	0.098222	1.459723	0.469894	6.877873
08519	0.072152	0.064409	9.847626	0.000725	0.000640	0.098476	1.457445	0.470013	6.876073
08520	0.059872	0.094845	9.875598	0.000604	0.000945	0.098756	1.463293	0.476006	6.869914
08521	0.068544	0.089209	9.822247	0.000690	0.000889	0.098222	1.454768	0.473872	6.863893
08522	0.067628	0.089882	9.822247	0.000681	0.000895	0.098222	1.460970	0.478389	6.859077
08523	0.045308	0.072681	9.853991	0.000458	0.000723	0.098540	1.450758	0.487132	6.847811
08524	0.073855	0.068525	9.871133	0.000744	0.000682	0.098711	1.455607	0.492445	6.841638
08525	0.082553	0.062788	9.817791	0.000831	0.000625	0.098178	1.448175	0.483627	6.836760
08526	0.070335	0.092867	9.845748	0.000707	0.000927	0.098457	1.451835	0.486844	6.832898
08527	0.069379	0.093553	9.845748	0.000700	0.000931	0.098457	1.448609	0.491783	6.823538
08528	0.068178	0.094448	9.845748	0.000688	0.000940	0.098457	1.454661	0.497878	6.818864
08529	0.067259	0.095124	9.845748	0.000676	0.000949	0.098457	1.451132	0.493308	6.815771
08530	0.066413	0.095783	9.845747	0.000669	0.000954	0.098457	1.456964	0.498536	6.810211
08531	0.049009	0.102296	9.875584	0.000495	0.001020	0.098756	1.453641	0.497814	6.805311
08532	0.087311	0.091813	9.839414	0.000878	0.000915	0.098394	1.458775	0.503166	6.800665
08533	0.050113	0.096774	9.798744	0.000506	0.000965	0.097987	1.457925	0.503688	6.797455
08534	0.063845	0.075122	9.871155	0.000644	0.000748	0.098712	1.463454	0.509152	6.794374
08535	0.084062	0.093989	9.839422	0.000847	0.000935	0.098394	1.464434	0.510248	6.788502
08536	0.078005	0.070911	9.841331	0.000785	0.000706	0.098413	1.468676	0.514877	6.783895
08537	0.058974	0.100653	9.845746	0.000595	0.001003	0.098457	1.468222	0.515545	6.779015
08538	0.080860	0.096128	9.839428	0.000814	0.000957	0.098394	1.474412	0.520862	6.775013
08539	0.081423	0.073552	9.864846	0.000819	0.000732	0.098648	1.473582	0.521050	6.771821
08540	0.078861	0.097645	9.839430	0.000793	0.000972	0.098394	1.480243	0.525381	6.766018
08541	0.050080	0.079834	9.847650	0.000505	0.000796	0.098477	1.478569	0.524073	6.763442
08542	0.095054	0.069755	9.835040	0.000957	0.000695	0.098350	1.482787	0.530262	6.759035
08543	0.075940	0.099655	9.839432	0.000764	0.000991	0.098394	1.484344	0.530080	6.754642
08544	0.081697	0.101113	9.862938	0.000820	0.001007	0.098629	1.490317	0.532956	6.749561
08545	0.075832	0.077932	9.864857	0.000764	0.000777	0.098649	1.488480	0.533912	6.746548
08546	0.073105	0.101801	9.839432	0.000736	0.001015	0.098394	1.493562	0.539225	6.741905
08547	0.060492	0.078159	9.817842	0.000611	0.000778	0.098178	1.493460	0.540063	6.738605
08548	0.072464	0.080049	9.864866	0.000730	0.000796	0.098649	1.499689	0.545835	6.731437
08549	0.063285	0.103570	9.815919	0.000637	0.001032	0.098159	1.498832	0.545124	6.728835
08550	0.052386	0.056668	9.819766	0.000529	0.000562	0.098198	1.505052	0.550890	6.721667
08551	0.056348	0.081067	9.817843	0.000568	0.000809	0.098178	1.502047	0.549701	6.721005
08552	0.068470	0.082782	9.864872	0.000690	0.000823	0.098649	1.508939	0.555328	6.712917
08553	0.088716	0.101533	9.833156	0.000893	0.001013	0.098332	1.506968	0.556237	6.709880
08554	0.059729	0.083645	9.841359	0.000602	0.000832	0.098414	1.513300	0.560777	6.706567
08555	0.088223	0.079669	9.858606	0.000888	0.000794	0.098586	1.511963	0.561487	6.702585
08556	0.057593	0.084976	9.841360	0.000581	0.000847	0.098414	1.516606	0.566656	6.696378
08557	0.045120	0.061256	9.819774	0.000456	0.000609	0.098198	1.516699	0.566425	6.695505
08558	0.090021	0.105517	9.856684	0.000905	0.001051	0.098567	1.522014	0.571455	6.688378
08559	0.077691	0.081889	9.835099	0.000781	0.000815	0.098351	1.522384	0.569864	6.688898
08560	0.053838	0.087804	9.841357	0.000543	0.000875	0.098414	1.526538	0.574422	6.684298
08561	0.052806	0.088416	9.841357	0.000534	0.000881	0.098414	1.526263	0.574971	6.682793
08562	0.058157	0.089596	9.864878	0.000588	0.000893	0.098649	1.530406	0.581101	6.678392
08563	0.073530	0.084442	9.835109	0.000740	0.000840	0.098351	1.530629	0.581463	6.678756
08564	0.049487	0.090483	9.841355	0.000500	0.000901	0.098414	1.536323	0.586592	6.673199
08565	0.071407	0.086021	9.835111	0.000720	0.000856	0.098351	1.537129	0.588477	6.674989
08566	0.053821	0.092588	9.864875	0.000543	0.000922	0.098649	1.542421	0.593492	6.667868
08567	0.044693	0.115997	9.815882	0.000452	0.001156	0.098159	1.542748	0.593074	6.668811
08568	0.084889	0.082438	9.805355	0.000853	0.000821	0.098054	1.548237	0.597350	6.662377
08569	0.067466	0.088902	9.835114	0.000679	0.000886	0.098351	1.546683	0.596356	6.664609
08570	0.071359	0.113437	9.833167	0.000719	0.001130	0.098332	1.552760	0.601586	6.660625
08571	0.088386	0.085183	9.828888	0.000890	0.000848	0.098289	1.553422	0.603865	6.662481
08572	0.070692	0.091801	9.858641	0.000713	0.000914	0.098586	1.559293	0.609828	6.657816
08573	0.046559	0.097747	9.864862	0.000471	0.000974	0.098649	1.555721	0.611213	6.654676
08574	0.055667	0.091857	9.811588	0.000561	0.000916	0.098116	1.559339	0.615146	6.651690
08575	0.090636	0.088545	9.852430	0.000913	0.000881	0.098524	1.558372	0.616496	6.646509
08576	0.066389	0.094514	9.858646	0.000670	0.000942	0.098586	1.562445	0.622604	6.642109
08577	0.058711	0.094588	9.835117	0.000593	0.000942	0.098351	1.560415	0.624984	6.640444
08578	0.057617	0.095461	9.835115	0.000581	0.000950	0.098351	1.566710	0.629968	6.633962
08579	0.058206	0.073086	9.860602	0.000587	0.000727	0.098606	1.564450	0.631197	6.631275
08580	0.068509	0.098344	9.882175	0.000690	0.000979	0.098822	1.570047	0.636312	6.625709
08581	0.084083	0.093190	9.852445	0.000846	0.000929	0.098524	1.563923	0.636357	6.621392
08582	0.048674	0.074672	9.837070	0.000493	0.000742	0.098371	1.570365	0.642185	6.615778
08583	0.077069	0.070813	9.854413	0.000776	0.000706	0.098544	1.568718	0.643649	6.615478
08584	0.069635	0.071008	9.830880	0.000701	0.000704	0.098309	1.576237	0.647883	6.610315
08585	0.050443	0.100970	9.835099	0.000510	0.001006	0.098351	1.575379	0.649880	6.607083
08586	0.080453	0.073785	9.877955	0.000810	0.000735	0.098780	1.579170	0.655141	6.601784
08587	0.054828	0.102830	9.858634	0.000553	0.001024	0.098586	1.575471	0.653765	6.597468
08588	0.099949	0.093235	9.846275	0.001005	0.000928	0.098463	1.580996	0.658872	6.591888
08589	0.035085	0.079293	9.813523	0.000356	0.000789	0.098135	1.576226	0.654575	6.587740
08590	0.081344	0.100501	9.875992	0.000818	0.001003	0.098760	1.579765	0.658955	6.581544
08591	0.052361	0.082440	9.884138	0.000530	0.000821	0.098841	1.578785	0.658634	6.579860
08592	0.077917	0.071054	9.801185	0.000785	0.000705	0.098012	1.585828	0.664289	6.573312
08593	0.060280	0.077677	9.830891	0.000607	0.000774	0.098309	1.582133	0.665636	6.572143
08594	0.088833	0.073679	9.848272	0.000893	0.000734	0.098483	1.586041	0.670120	6.567514
08595	0.074397	0.127267	9.850478	0.000750	0.001268	0.098505	1.585912	0.672166	6.565157
08596	0.050799	0.079103	9.807350	0.000513	0.000787	0.098074	1.591368	0.677239	6.559566
08597	0.061141	0.104349	9.828911	0.000615	0.001040	0.098289	1.586129	0.673784	6.556606
08598	0.072974	0.106527	9.875995	0.000736	0.001060	0.098760	1.592914	0.680163	6.549359
08599	0.083738	0.077685	9.848286	0.000842	0.000774	0.098483	1.585464	0.679254	6.547078
08600	0.053272	0.082852	9.830889	0.000538	0.000825	0.098309	1.590255	0.684926	6.539210
08601	0.086415	0.102947	9.846306	0.000870	0.001026	0.098463	1.586967	0.678965	6.536604
08602	0.078899	0.103067	9.822762	0.000794	0.001027	0.098228	1.592335	0.683983	6.530990
08603	0.062891	0.086530	9.877979	0.000633	0.000861	0.098780	1.591820	0.694839	6.530143
08604	0.054000	0.109646	9.828895	0.000544	0.001095	0.098289	1.594740	0.698597	6.525527
08605	0.077749	0.081813	9.848302	0.000783	0.000815	0.098483	1.599828	0.685275	6.531845
08606	0.053587	0.087659	9.854433	0.000542	0.000873	0.098544	1.605006	0.691007	6.525561
08607	0.081151	0.052935	9.797076	0.000815	0.000525	0.097971	1.601617	0.691620	6.522744
08608	0.066848	0.106578	9.799211	0.000673	0.001062	0.097992	1.606777	0.695777	6.516259
08609	0.080366	0.085580	9.871855	0.000808	0.000852	0.098719	1.596261	0.696663	6.509168
08610	0.040472	0.043082	9.858420	0.000409	0.000427	0.098584	1.600884	0.700217	6.504270
08611	0.067343	0.062466	9.850306	0.000679	0.000621	0.098503	1.581832	0.706016	6.489716
08612	0.069415	0.110276	9.822755	0.000699	0.001098	0.098228	1.587723	0.710910	6.483127
08613	0.058821	0.063362	9.826758	0.000593	0.000630	0.098268	1.564905	0.704293	6.468487
08614	0.073780	0.112534	9.846304	0.000742	0.001121	0.098463	1.570208	0.708547	6.463464
08615	0.068016	0.089345	9.848309	0.000685	0.000891	0.098483	1.553962	0.703468	6.455061
08616	0.071675	0.113840	9.846305	0.000723	0.001135	0.098463	1.558791	0.709157	6.448631
08617	0.059485	0.090080	9.824755	0.000599	0.000897	0.098248	1.551391	0.704836	6.445153
08618	0.064952	0.091439	9.848310	0.000654	0.000912	0.098483	1.554425	0.709065	6.438792
08619	0.086945	0.087075	9.842217	0.000876	0.000866	0.098422	1.544038	0.704920	6.431182
08620	0.062765	0.092984	9.848310	0.000632	0.000927	0.098483	1.547408	0.709236	6.426369
08621	0.084859	0.088536	9.842222	0.000854	0.000881	0.098422	1.539706	0.705631	6.423606
08622	0.059260	0.117601	9.822737	0.000596	0.001172	0.098227	1.544602	0.708934	6.417626
08623	0.053592	0.094390	9.824749	0.000541	0.000941	0.098247	1.546464	0.721551	6.420074
08624	0.047879	0.071314	9.826762	0.000483	0.000708	0.098268	1.552929	0.725495	6.413136
08625	0.081043	0.091597	9.842226	0.000816	0.000913	0.098422	1.547035	0.734295	6.409775
08626	0.062515	0.066872	9.797128	0.000630	0.000665	0.097971	1.551030	0.738538	6.404023
08627	0.085162	0.093636	9.865793	0.000859	0.000932	0.098658	1.547389	0.746798	6.402219
08628	0.071339	0.092903	9.818672	0.000717	0.000926	0.098187	1.551561	0.750329	6.397150
08629	0.071978	0.070502	9.844256	0.000726	0.000701	0.098443	1.558629	0.749647	6.405617
08630	0.054210	0.077112	9.873884	0.000547	0.000767	0.098739	1.563310	0.753770	6.398955
08631	0.074701	0.095813	9.842236	0.000752	0.000955	0.098422	1.557347	0.751142	6.397963
08632	0.073575	0.096482	9.842238	0.000742	0.000961	0.098422	1.561996	0.756830	6.391485
08633	0.074038	0.074105	9.867830	0.000746	0.000737	0.098678	1.568215	0.759306	6.397079
08634	0.066673	0.074135	9.844267	0.000671	0.000737	0.098443	1.573287	0.763532	6.392001
08635	0.047197	0.103877	9.848288	0.000478	0.001035	0.098483	1.581962	0.783072	6.395963
08636	0.047769	0.081475	9.873882	0.000482	0.000811	0.098739	1.586187	0.786648	6.390943
08637	0.063623	0.076386	9.844270	0.000641	0.000760	0.098443	1.591956	0.798208	6.393985
08638	0.062623	0.076996	9.844272	0.000631	0.000768	0.098443	1.594631	0.802815	6.390131
08639	0.078289	0.071890	9.814667	0.000789	0.000714	0.098147	1.619255	0.797642	6.404641
08640	0.060535	0.078365	9.844274	0.000609	0.000782	0.098443	1.620950	0.800647	6.400004
08641	0.081126	0.097023	9.812636	0.000817	0.000965	0.098126	1.650687	0.780414	6.418833
08642	0.041893	0.085677	9.873873	0.000423	0.000853	0.098739	1.655138	0.783911	6.413955
08643	0.079200	0.098696	9.812635	0.000798	0.000982	0.098126	1.681084	0.745790	6.432669
08644	0.062906	0.082257	9.867843	0.000634	0.000819	0.098678	1.685629	0.750704	6.428054
08645	0.072280	0.076376	9.814679	0.000729	0.000760	0.098147	1.718039	0.728182	6.452757
08646	0.060798	0.083753	9.867844	0.000612	0.000834	0.098678	1.723112	0.731527	6.449606
08647	0.074938	0.101755	9.812637	0.000756	0.001014	0.098126	1.753930	0.707875	6.473468
08648	0.053839	0.061543	9.869890	0.000544	0.000610	0.098699	1.760979	0.713056	6.467133
08649	0.085166	0.105010	9.859786	0.000858	0.001048	0.098598	1.757995	0.677275	6.463031
08650	0.050072	0.085985	9.844269	0.000505	0.000856	0.098443	1.762790	0.680247	6.458398
08651	0.042873	0.086002	9.820692	0.000434	0.000855	0.098207	1.767375	0.646905	6.458849
08652	0.076002	0.106501	9.836210	0.000765	0.001061	0.098362	1.773059	0.650462	6.454198
08653	0.081376	0.108045	9.859785	0.000818	0.001077	0.098598	1.785040	0.619612	6.465464
08654	0.069542	0.083898	9.838264	0.000700	0.000837	0.098383	1.788128	0.622457	6.461168
08655	0.068515	0.084584	9.838265	0.000691	0.000841	0.098383	1.792926	0.607903	6.463408
08656	0.078379	0.110206	9.859785	0.000789	0.001098	0.098598	1.799054	0.611381	6.460390
08657	0.066362	0.086216	9.838266	0.000670	0.000860	0.098383	1.809533	0.588382	6.473579
08658	0.048461	0.092622	9.867833	0.000489	0.000923	0.098678	1.814243	0.591663	6.468377
08659	0.064394	0.087438	9.838268	0.000649	0.000871	0.098383	1.817345	0.532665	6.468166
08660	0.086483	0.083126	9.832288	0.000871	0.000827	0.098323	1.822750	0.537172	6.462262
08661	0.040735	0.070913	9.869890	0.000413	0.000705	0.098699	1.824919	0.502579	6.462824
08662	0.089059	0.108442	9.830230	0.000895	0.001082	0.098302	1.828570	0.505499	6.457018
08663	0.083415	0.085239	9.832296	0.000839	0.000848	0.098323	1.819498	0.483443	6.447591
08664	0.060918	0.068030	9.863916	0.000614	0.000676	0.098639	1.824872	0.486137	6.441500
08665	0.058262	0.091895	9.838266	0.000589	0.000915	0.098383	1.821790	0.481958	6.441499
08666	0.058847	0.069712	9.863917	0.000593	0.000693	0.098639	1.827837	0.484508	6.434484
08667	0.079280	0.088603	9.832301	0.000799	0.000882	0.098323	1.823224	0.481259	6.432178
08668	0.073403	0.065518	9.834376	0.000740	0.000651	0.098344	1.828546	0.485493	6.426276
08669	0.066102	0.065432	9.810793	0.000666	0.000651	0.098108	1.814598	0.474207	6.414654
08670	0.052905	0.095784	9.838259	0.000534	0.000955	0.098383	1.818485	0.477058	6.410384
08671	0.053427	0.073505	9.863920	0.000540	0.000730	0.098639	1.805363	0.478843	6.392759
08672	0.098648	0.064569	9.852025	0.000991	0.000640	0.098520	1.812722	0.481428	6.387917
08673	0.079075	0.094296	9.855894	0.000797	0.000940	0.098559	1.809198	0.467797	6.389846
08674	0.067023	0.070135	9.834390	0.000676	0.000698	0.098344	1.813314	0.471939	6.383248
08675	0.076777	0.095480	9.855900	0.000773	0.000952	0.098559	1.798785	0.468903	6.368769
08676	0.075733	0.096110	9.855902	0.000763	0.000958	0.098559	1.803038	0.472295	6.362839
08677	0.063845	0.072094	9.834397	0.000644	0.000717	0.098344	1.800774	0.478652	6.361041
08678	0.045967	0.078796	9.863917	0.000464	0.000783	0.098639	1.806594	0.481085	6.353954
08679	0.089688	0.092553	9.826384	0.000902	0.000923	0.098264	1.805897	0.483384	6.356858
08680	0.060936	0.074329	9.834398	0.000614	0.000739	0.098344	1.811402	0.486057	6.352279
08681	0.070706	0.099920	9.855902	0.000713	0.000995	0.098559	1.806919	0.488588	6.349616
08682	0.086526	0.094809	9.826390	0.000870	0.000945	0.098264	1.811132	0.492010	6.343688
08683	0.034508	0.081584	9.840316	0.000351	0.000812	0.098403	1.808328	0.495093	6.342129
08684	0.067371	0.102069	9.855903	0.000679	0.001018	0.098559	1.812525	0.498521	6.336201
08685	0.043227	0.107687	9.861813	0.000437	0.001074	0.098618	1.803952	0.495223	6.330581
08686	0.059073	0.102635	9.832306	0.000597	0.001022	0.098323	1.809874	0.500091	6.324562
08687	0.064096	0.104233	9.855902	0.000646	0.001040	0.098559	1.799038	0.500237	6.317195
08688	0.063099	0.104910	9.855902	0.000636	0.001045	0.098559	1.804430	0.502904	6.312589
08689	0.085342	0.100609	9.850002	0.000858	0.001004	0.098500	1.799920	0.501498	6.311128
08690	0.079766	0.077309	9.852104	0.000803	0.000770	0.098521	1.804407	0.505017	6.306755
08691	0.055468	0.083036	9.858000	0.000561	0.000826	0.098580	1.803114	0.518192	6.305418
08692	0.077516	0.078907	9.852110	0.000780	0.000785	0.098521	1.808285	0.521633	6.300120
08693	0.070285	0.078828	9.828511	0.000708	0.000784	0.098285	1.797898	0.523226	6.291746
08694	0.075491	0.080462	9.852113	0.000760	0.000801	0.098521	1.802145	0.525943	6.286473
08695	0.102262	0.100112	9.844125	0.001028	0.000997	0.098441	1.791536	0.531438	6.276114
08696	0.050267	0.086858	9.857995	0.000508	0.000865	0.098580	1.796047	0.535523	6.268511
08697	0.067846	0.058805	9.854227	0.000683	0.000584	0.098542	1.791764	0.533337	6.267261
08698	0.060752	0.058744	9.830625	0.000612	0.000583	0.098306	1.797020	0.536055	6.262621
08699	0.070629	0.084222	9.852117	0.000710	0.000840	0.098521	1.786827	0.533092	6.257326
08700	0.069584	0.084946	9.852119	0.000702	0.000845	0.098521	1.792539	0.538000	6.251246
08701	0.040745	0.066789	9.860100	0.000412	0.000665	0.098601	1.788945	0.539326	6.250267
08702	0.084484	0.080513	9.822653	0.000850	0.000802	0.098227	1.792564	0.543019	6.246771
08703	0.061875	0.063285	9.854238	0.000624	0.000628	0.098542	1.773804	0.547145	6.227982
08704	0.059279	0.087088	9.828514	0.000598	0.000868	0.098285	1.777539	0.550114	6.225144
08705	0.049232	0.071587	9.907308	0.000495	0.000712	0.099073	1.765506	0.555004	6.211827
08706	0.076295	0.059761	9.824779	0.000768	0.000594	0.098248	1.770391	0.558490	6.206425
08707	0.045728	0.096174	9.881574	0.000463	0.000958	0.098816	1.756352	0.561421	6.194443
08708	0.078625	0.085345	9.822661	0.000793	0.000849	0.098227	1.761868	0.566378	6.188278
08709	0.082064	0.110100	9.820535	0.000825	0.001097	0.098205	1.753344	0.572751	6.179416
08710	0.053187	0.091966	9.828504	0.000539	0.000915	0.098285	1.758631	0.578467	6.172541
08711	0.086054	0.112473	9.844147	0.000863	0.001123	0.098441	1.745865	0.578772	6.164651
08712	0.068129	0.118856	9.873595	0.000687	0.001185	0.098736	1.750427	0.583032	6.158499
08713	0.056416	0.094833	9.852113	0.000569	0.000944	0.098521	1.744516	0.576814	6.155675
08714	0.100203	0.108801	9.814705	0.001007	0.001084	0.098147	1.749245	0.580316	6.150217
08715	0.052767	0.119336	9.826363	0.000533	0.001190	0.098264	1.741057	0.572219	6.146692
08716	0.074916	0.115156	9.820535	0.000754	0.001147	0.098205	1.745758	0.575690	6.141228
08717	0.069431	0.092150	9.822669	0.000699	0.000917	0.098227	1.729623	0.574926	6.128605
08718	0.076252	0.070921	9.872034	0.000767	0.000706	0.098720	1.732683	0.577786	6.124080
08719	0.044327	0.098632	9.828484	0.000448	0.000981	0.098285	1.725651	0.575209	6.117684
08720	0.044846	0.076645	9.854236	0.000454	0.000763	0.098542	1.730059	0.579402	6.111484
08721	0.060897	0.071573	9.824808	0.000613	0.000712	0.098248	1.714556	0.586136	6.096909
08722	0.089186	0.068437	9.842616	0.000898	0.000680	0.098426	1.718906	0.590352	6.090679
08723	0.064948	0.074205	9.848425	0.000654	0.000737	0.098484	1.709375	0.583818	6.084182
08724	0.057916	0.073988	9.824808	0.000584	0.000737	0.098248	1.712301	0.586668	6.079605
08725	0.086250	0.070822	9.842626	0.000868	0.000704	0.098426	1.709064	0.590055	6.076778
08726	0.062059	0.076445	9.848426	0.000625	0.000762	0.098484	1.711972	0.592915	6.072199
08727	0.078033	0.071266	9.819015	0.000787	0.000709	0.098190	1.697822	0.576410	6.066818
08728	0.083040	0.073204	9.842636	0.000835	0.000727	0.098426	1.703845	0.578837	6.060105
08729	0.075896	0.073037	9.819019	0.000765	0.000728	0.098190	1.707909	0.571107	6.068867
08730	0.068171	0.104513	9.869893	0.000687	0.001041	0.098699	1.712865	0.575094	6.061704
08731	0.084254	0.099444	9.840488	0.000847	0.000991	0.098405	1.685516	0.573159	6.042432
08732	0.077191	0.099074	9.816868	0.000777	0.000988	0.098169	1.688424	0.576412	6.034609
08733	0.031330	0.086527	9.854206	0.000319	0.000862	0.098542	1.679354	0.560438	6.036171
08734	0.081297	0.101313	9.840493	0.000817	0.001011	0.098405	1.681917	0.562285	6.030667
08735	0.080260	0.102103	9.840494	0.000809	0.001016	0.098405	1.685309	0.557814	6.031261
08736	0.085749	0.072140	9.789641	0.000862	0.000719	0.097896	1.688056	0.560492	6.026652
08737	0.060929	0.109464	9.869886	0.000615	0.001090	0.098699	1.677750	0.552910	6.022722
08738	0.072506	0.080503	9.842662	0.000730	0.000801	0.098427	1.681666	0.556049	6.015552
08739	0.113465	0.047689	9.833310	0.001140	0.000473	0.098333	1.675428	0.561650	6.009940
08740	0.053304	0.087866	9.872048	0.000538	0.000876	0.098720	1.678484	0.564429	6.006892
08741	0.097127	0.101689	9.834742	0.000977	0.001014	0.098347	1.659872	0.563634	5.991417
08742	0.070083	0.060390	9.868466	0.000705	0.000601	0.098685	1.663193	0.566169	5.985833
08743	0.067468	0.084053	9.842668	0.000680	0.000836	0.098427	1.658289	0.547799	5.989027
08744	0.060299	0.083835	9.819041	0.000609	0.000835	0.098190	1.661907	0.551620	5.981122
08745	0.088701	0.080784	9.836924	0.000890	0.000804	0.098369	1.653492	0.521580	5.981514
08746	0.077226	0.056593	9.815474	0.000779	0.000562	0.098155	1.656931	0.526400	5.976994
08747	0.067720	0.111030	9.840491	0.000682	0.001106	0.098405	1.644884	0.531448	5.966418
08748	0.091582	0.084068	9.860564	0.000920	0.000837	0.098606	1.648112	0.533842	5.960819
08749	0.044123	0.094471	9.872033	0.000447	0.000941	0.098720	1.634528	0.531393	5.949897
08750	0.066257	0.090421	9.866300	0.000668	0.000901	0.098663	1.638027	0.535125	5.941949
08751	0.076312	0.084296	9.813309	0.000768	0.000839	0.098133	1.649847	0.543370	5.951877
08752	0.087403	0.087217	9.860574	0.000879	0.000868	0.098606	1.654133	0.545776	5.946943
08753	0.103554	0.082361	9.831220	0.001041	0.000818	0.098312	1.628839	0.545485	5.923650
08754	0.054395	0.115616	9.816840	0.000549	0.001154	0.098168	1.630188	0.548010	5.918277
08755	0.084222	0.089659	9.860580	0.000848	0.000892	0.098606	1.608759	0.513548	5.907295
08756	0.071054	0.088270	9.813313	0.000716	0.000880	0.098133	1.610546	0.516571	5.900269
08757	0.076033	0.089964	9.836950	0.000766	0.000896	0.098369	1.595829	0.497731	5.890043
08758	0.104251	0.087039	9.854879	0.001048	0.000866	0.098549	1.599711	0.500689	5.884312
08759	0.050686	0.096411	9.842656	0.000512	0.000960	0.098427	1.595657	0.481510	5.882394
08760	0.084991	0.094544	9.884225	0.000854	0.000941	0.098842	1.599346	0.483551	5.875791
08761	0.067498	0.069171	9.839150	0.000681	0.000689	0.098391	1.612285	0.454249	5.897945
08762	0.061981	0.046002	9.841351	0.000625	0.000455	0.098413	1.616902	0.456927	5.891349
08763	0.081762	0.096828	9.884230	0.000823	0.000964	0.098842	1.610996	0.451863	5.885447
08764	0.081625	0.065712	9.809824	0.000821	0.000653	0.098098	1.615078	0.453911	5.880476
08765	0.058992	0.048438	9.841358	0.000595	0.000481	0.098414	1.599363	0.454194	5.861430
08766	0.066741	0.096921	9.836952	0.000672	0.000966	0.098370	1.601984	0.456482	5.858282
08767	0.084488	0.069056	9.833475	0.000851	0.000685	0.098335	1.606723	0.430705	5.862829
08768	0.059996	0.074617	9.839159	0.000606	0.000744	0.098392	1.608610	0.434256	5.856720
08769	0.064816	0.076495	9.862802	0.000654	0.000759	0.098628	1.614504	0.426776	5.861223
08770	0.085419	0.095431	9.831276	0.000859	0.000951	0.098313	1.617485	0.428712	5.855617
08771	0.065529	0.124811	9.834737	0.000661	0.001245	0.098347	1.630093	0.421557	5.869932
08772	0.055788	0.077570	9.839161	0.000562	0.000773	0.098392	1.632043	0.423470	5.863710
08773	0.082421	0.097219	9.831284	0.000830	0.000970	0.098313	1.644288	0.416873	5.880248
08774	0.064210	0.103759	9.860592	0.000646	0.001033	0.098606	1.648244	0.417909	5.874506
08775	0.063280	0.104432	9.860591	0.000638	0.001042	0.098606	1.655728	0.416242	5.889944
08776	0.079590	0.099376	9.831286	0.000800	0.000988	0.098313	1.661297	0.417887	5.883261
08777	0.084523	0.101277	9.854932	0.000851	0.001010	0.098549	1.658097	0.421766	5.887891
08778	0.054156	0.105587	9.836940	0.000547	0.001052	0.098369	1.662058	0.424393	5.882361
08779	0.082338	0.102854	9.854935	0.000829	0.001023	0.098549	1.662588	0.422779	5.891901
08780	0.052033	0.107352	9.836932	0.000526	0.001070	0.098369	1.665837	0.425519	5.887306
08781	0.075868	0.080525	9.857160	0.000764	0.000801	0.098572	1.664685	0.424083	5.896418
08782	0.074954	0.081171	9.857161	0.000754	0.000809	0.098572	1.666872	0.425227	5.891000
08783	0.066453	0.103527	9.807637	0.000670	0.001031	0.098076	1.664956	0.423725	5.898645
08784	0.072887	0.082534	9.857166	0.000735	0.000823	0.098572	1.667294	0.427307	5.894287
08785	0.071820	0.083390	9.857166	0.000723	0.000828	0.098572	1.667401	0.424588	5.902252
08786	0.060543	0.059273	9.835745	0.000611	0.000589	0.098357	1.670625	0.427309	5.897679
08787	0.063825	0.084019	9.833514	0.000643	0.000835	0.098335	1.669787	0.425493	5.905140
08788	0.092134	0.081241	9.851541	0.000925	0.000809	0.098515	1.673017	0.426617	5.900401
08789	0.061982	0.085609	9.833512	0.000625	0.000852	0.098335	1.670833	0.426684	5.906998
08790	0.072682	0.088771	9.880818	0.000733	0.000883	0.098808	1.675442	0.430750	5.900761
08791	0.061366	0.064627	9.859403	0.000618	0.000642	0.098594	1.671591	0.425732	5.904787
08792	0.082044	0.083520	9.827896	0.000826	0.000831	0.098279	1.675302	0.429050	5.898599
08793	0.053369	0.064843	9.835752	0.000539	0.000647	0.098358	1.667750	0.425771	5.902186
08794	0.079971	0.084639	9.827904	0.000805	0.000842	0.098279	1.672341	0.428225	5.895779
08795	0.061620	0.091262	9.857165	0.000621	0.000910	0.098572	1.667314	0.423117	5.900795
08796	0.079596	0.063306	9.853809	0.000801	0.000629	0.098538	1.671184	0.425675	5.895318
08797	0.041746	0.089358	9.786193	0.000423	0.000889	0.097862	1.666709	0.421288	5.895231
08798	0.083559	0.066094	9.877471	0.000838	0.000658	0.098775	1.669170	0.420885	5.891261
08799	0.067553	0.110014	9.778344	0.000682	0.001096	0.097783	1.665687	0.415070	5.895916
08800	0.062366	0.096256	9.880819	0.000630	0.000959	0.098808	1.669339	0.418324	5.889739
08801	0.072906	0.089894	9.827912	0.000732	0.000896	0.098279	1.662523	0.411163	5.891880
08802	0.095815	0.095165	9.922549	0.000962	0.000948	0.099225	1.665289	0.412073	5.885579
08803	0.047841	0.095996	9.833495	0.000485	0.000955	0.098335	1.656658	0.405571	5.880974
08804	0.086127	0.118532	9.872975	0.000866	0.001180	0.098730	1.661346	0.407197	5.875274
08805	0.088055	0.064380	9.824591	0.000886	0.000641	0.098246	1.652844	0.400176	5.875207
08806	0.021563	0.103030	9.839061	0.000219	0.001027	0.098391	1.656103	0.400424	5.871186
08807	0.090496	0.089817	9.822337	0.000911	0.000893	0.098223	1.650591	0.395975	5.867433
08808	0.066104	0.095265	9.827909	0.000666	0.000950	0.098279	1.652387	0.397673	5.861336
08809	0.095851	0.069691	9.871932	0.000965	0.000693	0.098719	1.645455	0.395437	5.860423
08810	0.075697	0.099218	9.875235	0.000762	0.000987	0.098752	1.649889	0.397748	5.854005
08811	0.068752	0.098768	9.851572	0.000693	0.000985	0.098516	1.643406	0.390858	5.856654
08812	0.055980	0.096982	9.804244	0.000564	0.000966	0.098042	1.646231	0.392527	5.851214
08813	0.066815	0.100046	9.851572	0.000673	0.000997	0.098516	1.634761	0.389554	5.845004
08814	0.083252	0.094834	9.822354	0.000838	0.000945	0.098224	1.637367	0.391950	5.838841
08815	0.082209	0.095725	9.822354	0.000827	0.000952	0.098224	1.633742	0.381323	5.840280
08816	0.047762	0.076135	9.806508	0.000482	0.000758	0.098065	1.636161	0.383191	5.837339
08817	0.097723	0.100947	9.893357	0.000983	0.001005	0.098934	1.631575	0.377223	5.840377
08818	0.051428	0.078881	9.830174	0.000519	0.000785	0.098302	1.634860	0.379449	5.833292
08819	0.056253	0.080798	9.853842	0.000568	0.000805	0.098538	1.625603	0.371712	5.830312
08820	0.060990	0.073157	9.777300	0.000615	0.000728	0.097773	1.628335	0.373298	5.824856
08821	0.083433	0.078705	9.871977	0.000840	0.000784	0.098720	1.619481	0.369033	5.823195
08822	0.072313	0.054277	9.850591	0.000728	0.000539	0.098506	1.622543	0.370726	5.819318
08823	0.047979	0.059565	9.856123	0.000485	0.000593	0.098561	1.610411	0.368012	5.813831
08824	0.068704	0.078438	9.824643	0.000691	0.000779	0.098246	1.615579	0.369343	5.807161
08825	0.056041	0.086341	9.877509	0.000566	0.000861	0.098775	1.601113	0.366831	5.797549
08826	0.084061	0.074065	9.795454	0.000845	0.000736	0.097955	1.605172	0.368509	5.794299
08827	0.071437	0.082016	9.848318	0.000720	0.000816	0.098483	1.596015	0.373423	5.786320
08828	0.098007	0.102034	9.840515	0.000985	0.001017	0.098405	1.598625	0.374987	5.780810
08829	0.069525	0.083423	9.848320	0.000700	0.000831	0.098483	1.593146	0.375231	5.779860
08830	0.068569	0.084069	9.848321	0.000691	0.000838	0.098483	1.595380	0.377037	5.776862
08831	0.042597	0.111976	9.827863	0.000431	0.001117	0.098279	1.588916	0.376952	5.777943
08832	0.095708	0.081905	9.866495	0.000962	0.000815	0.098665	1.592208	0.378398	5.771505
08833	0.087366	0.104138	9.816852	0.000878	0.001038	0.098169	1.593141	0.375928	5.778006
08834	0.082088	0.090620	9.919350	0.000827	0.000902	0.099193	1.596773	0.379083	5.773336
08835	0.057625	0.086353	9.824648	0.000582	0.000861	0.098246	1.578421	0.381197	5.761738
08836	0.069805	0.066779	9.897978	0.000703	0.000665	0.098980	1.580767	0.383493	5.755499
08837	0.073008	0.081826	9.795481	0.000735	0.000814	0.097955	1.568336	0.381634	5.747666
08838	0.079449	0.061151	9.845139	0.000799	0.000608	0.098451	1.570830	0.383188	5.742119
08839	0.049306	0.065271	9.826949	0.000498	0.000649	0.098269	1.556387	0.380657	5.733277
08840	0.058311	0.091162	9.848324	0.000588	0.000909	0.098483	1.558124	0.382321	5.728633
08841	0.066383	0.038081	9.823776	0.000670	0.000377	0.098238	1.535177	0.383593	5.709511
08842	0.079458	0.088134	9.842846	0.000800	0.000876	0.098428	1.539514	0.385886	5.704504
08843	0.079949	0.066371	9.868836	0.000805	0.000660	0.098688	0.469467	-0.362097	8.363676
08844	0.052247	0.116990	9.822329	0.000528	0.001167	0.098223	0.468151	-0.361812	8.363912
08845	0.093680	0.084510	9.813703	0.000942	0.000841	0.098137	0.469469	-0.361512	8.329769
08846	0.070957	0.067206	9.845165	0.000714	0.000669	0.098452	0.469056	-0.362082	8.329805
08847	0.064033	0.066684	9.821485	0.000647	0.000663	0.098215	0.470242	-0.359743	8.313490
08848	0.034413	0.149961	9.849139	0.000350	0.001494	0.098491	0.472326	-0.358965	8.312468
08849	0.067635	0.069643	9.845171	0.000680	0.000695	0.098452	0.470748	-0.360157	8.289873
08850	0.071063	0.094222	9.842854	0.000714	0.000937	0.098429	0.471968	-0.361714	8.288782
08851	0.071627	0.072463	9.868857	0.000723	0.000720	0.098689	0.473109	-0.360150	8.251736
08852	0.067402	0.118620	9.816845	0.000677	0.001182	0.098168	0.473777	-0.362293	8.252295
08853	0.106224	0.049500	9.936792	0.001068	0.000491	0.099368	0.474299	-0.361508	8.242538
08854	0.073019	0.089362	9.766347	0.000735	0.000887	0.097663	0.477292	-0.361581	8.241313
08855	0.073310	0.077418	9.892545	0.000739	0.000771	0.098925	0.476485	-0.361746	8.221988
08856	0.041965	0.094101	9.748098	0.000423	0.000939	0.097481	0.475039	-0.363928	8.221223
08857	0.072815	0.065805	10.018748	0.000734	0.000654	0.100187	0.476369	-0.363151	8.186565
08858	0.063220	0.091170	9.742659	0.000638	0.000906	0.097427	0.478462	-0.362366	8.185534
08859	0.086840	0.074661	9.863432	0.000873	0.000743	0.098634	0.478221	-0.363287	8.170472
08860	0.066954	0.094031	9.766347	0.000675	0.000937	0.097663	0.477645	-0.363129	8.169769
08861	0.074613	0.060571	9.942266	0.000751	0.000602	0.099423	0.477479	-0.363805	8.159508
08862	0.055144	0.070108	9.744993	0.000556	0.000698	0.097450	0.477078	-0.364366	8.159531
08863	0.065432	0.083185	9.892553	0.000658	0.000829	0.098926	0.476113	-0.365693	8.146618
08864	0.048922	0.057298	9.847511	0.000494	0.000569	0.098475	0.476771	-0.366233	8.147302
08865	0.081095	0.078869	9.863448	0.000817	0.000784	0.098634	0.477773	-0.365330	8.134559
08866	0.090183	0.095241	9.784623	0.000907	0.000947	0.097846	0.479546	-0.364693	8.131935
08867	0.077265	0.103325	9.837415	0.000777	0.001030	0.098374	0.479258	-0.365638	8.117735
08868	0.081993	0.105355	9.861108	0.000825	0.001050	0.098611	0.479016	-0.365320	8.118612
08869	0.047688	0.085400	9.845164	0.000482	0.000850	0.098452	0.479491	-0.365588	8.110144
08870	0.075858	0.082869	9.863457	0.000763	0.000826	0.098635	0.478211	-0.366889	8.110227
08871	0.063460	0.080878	9.816071	0.000640	0.000805	0.098161	0.478848	-0.366747	8.104114
08872	0.072307	0.107017	9.837414	0.000728	0.001066	0.098374	0.479512	-0.367282	8.104792
08873	0.090505	0.079361	9.834374	0.000911	0.000790	0.098344	0.479904	-0.366636	8.096760
08874	0.089394	0.080248	9.834377	0.000899	0.000798	0.098344	0.481127	-0.366582	8.095782
08875	0.053527	0.082987	9.792372	0.000541	0.000826	0.097924	0.481579	-0.366633	8.094215
08876	0.076946	0.066476	9.913211	0.000775	0.000662	0.099132	0.480284	-0.366334	8.094424
08877	0.051394	0.084344	9.792372	0.000519	0.000839	0.097924	0.480842	-0.366263	8.091000
08878	0.060252	0.110297	9.813709	0.000607	0.001101	0.098137	0.479163	-0.367272	8.093591
08879	0.085785	0.061354	9.860451	0.000864	0.000608	0.098604	0.481108	-0.366011	8.086618
08880	0.088906	0.086107	9.858092	0.000892	0.000859	0.098581	0.479682	-0.368184	8.085836
08881	0.076683	0.084097	9.810695	0.000772	0.000836	0.098107	0.480624	-0.368789	8.086800
08882	0.083002	0.063729	9.860460	0.000835	0.000633	0.098605	0.480797	-0.368752	8.085153
08883	0.056955	0.091645	9.839760	0.000575	0.000912	0.098398	0.481263	-0.368744	8.083218
08884	0.063253	0.071224	9.889527	0.000637	0.000709	0.098895	0.481203	-0.369140	8.084813
08885	0.062721	0.061975	9.789368	0.000634	0.000616	0.097894	0.481242	-0.367652	8.087600
08886	0.060601	0.075288	9.663138	0.000611	0.000749	0.096631	0.481183	-0.368047	8.089193
08887	0.061665	0.137393	10.287796	0.000621	0.001372	0.102878	0.479219	-0.369793	8.086678
08888	0.036738	0.058269	9.694567	0.000376	0.000580	0.096946	0.478048	-0.365415	8.087991
08889	0.072884	0.103935	9.708173	0.000731	0.001033	0.097082	0.480900	-0.369216	8.087079
08890	0.071409	0.117406	9.581931	0.000717	0.001171	0.095819	0.480539	-0.371362	8.086953
08891	0.200100	0.088449	10.508196	0.002005	0.000882	0.105082	0.479252	-0.372835	8.085814
08892	0.028735	0.039919	9.470546	0.000297	0.000394	0.094705	0.480585	-0.367097	8.086062
08893	0.017150	0.104682	9.594979	0.000175	0.001043	0.095950	0.481276	-0.369382	8.085002
08894	0.047711	0.074889	10.092219	0.000479	0.000746	0.100922	0.479880	-0.373148	8.084084
08895	0.096964	0.100635	10.179324	0.000977	0.001002	0.101793	0.480358	-0.371501	8.082832
08896	0.034596	0.147594	9.537448	0.000353	0.001470	0.095375	0.482790	-0.368932	8.083484
08897	0.085180	0.071797	9.605070	0.000855	0.000715	0.096051	0.481647	-0.371072	8.086303
08898	0.159711	0.065625	10.165752	0.001602	0.000655	0.101657	0.479158	-0.371663	8.084973
08899	0.030852	0.078178	9.818404	0.000316	0.000776	0.098184	0.481240	-0.369398	8.084159
08900	0.030435	0.068886	9.718253	0.000309	0.000686	0.097183	0.480133	-0.369809	8.085079
08901	0.050626	0.097636	9.786986	0.000510	0.000974	0.097870	0.479008	-0.371938	8.087058
08902	0.099649	0.041958	10.054960	0.001003	0.000416	0.100550	0.478768	-0.370003	8.088035
08903	0.079780	0.063392	9.731342	0.000804	0.000629	0.097313	0.480358	-0.368831	8.084644
08904	0.115112	0.040044	9.799565	0.001155	0.000397	0.097996	0.479596	-0.370684	8.087026
08905	0.071385	0.073659	9.807781	0.000720	0.000733	0.098078	0.479907	-0.369906	8.086245
08906	0.036463	0.063580	9.891914	0.000369	0.000633	0.098919	0.478652	-0.371192	8.086304
08907	0.006413	0.067290	9.873499	0.000070	0.000669	0.098735	0.478950	-0.370397	8.087071
08908	0.085177	0.080118	9.878922	0.000857	0.000797	0.098789	0.479468	-0.370189	8.086992
08909	0.108470	0.066239	9.773492	0.001089	0.000659	0.097735	0.479032	-0.370825	8.091342
08910	0.103232	0.122314	9.821405	0.001039	0.001218	0.098214	0.480267	-0.369148	8.090460
08911	0.056956	0.109607	9.858095	0.000574	0.001092	0.098581	0.480765	-0.370656	8.091861
08912	0.093135	0.076003	9.826221	0.000938	0.000757	0.098262	0.479646	-0.369462	8.092898
08913	0.045343	0.085468	9.836786	0.000457	0.000852	0.098368	0.478527	-0.371562	8.095703
08914	0.047393	0.120448	9.934510	0.000481	0.001199	0.099345	0.480086	-0.369726	8.096408
08915	0.070475	0.106625	9.829097	0.000711	0.001063	0.098291	0.479663	-0.368752	8.099094
08916	0.118690	0.065822	9.744548	0.001193	0.000653	0.097445	0.481075	-0.367791	8.098939
08917	0.083487	0.135098	9.874113	0.000839	0.001348	0.098741	0.479794	-0.369183	8.100567
08918	0.049398	0.114847	9.858076	0.000500	0.001144	0.098581	0.480716	-0.367655	8.098087
08919	0.024128	0.051059	9.918020	0.000245	0.000508	0.099180	0.479756	-0.368924	8.101359
08920	0.032214	0.089321	9.813052	0.000327	0.000890	0.098131	0.478982	-0.369169	8.103856
08921	0.076974	0.091574	9.902664	0.000776	0.000910	0.099027	0.480774	-0.368659	8.102863
08922	0.060656	0.065515	9.857648	0.000612	0.000652	0.098576	0.479831	-0.368182	8.104625
08923	0.103268	0.102386	9.794863	0.001037	0.001019	0.097949	0.480501	-0.368871	8.104990
08924	0.096676	0.101684	9.771146	0.000972	0.001014	0.097711	0.479976	-0.368680	8.104233
08925	0.034269	0.072191	9.862897	0.000347	0.000718	0.098629	0.480495	-0.370191	8.106324
08926	0.046177	0.053261	9.936483	0.000467	0.000531	0.099365	0.478349	-0.370617	8.106561
08927	0.032390	0.073569	9.862893	0.000329	0.000730	0.098629	0.480647	-0.370596	8.107727
08928	0.066963	0.062606	9.804971	0.000676	0.000624	0.098050	0.479219	-0.369550	8.107159
08929	0.065879	0.063320	9.804974	0.000664	0.000629	0.098050	0.480208	-0.370030	8.110989
08930	0.096717	0.095500	9.921155	0.000973	0.000952	0.099212	0.479688	-0.369835	8.110228
08931	0.085640	0.082844	9.773592	0.000862	0.000825	0.097736	0.479134	-0.369774	8.111661
08932	0.043351	0.093974	9.807771	0.000438	0.000935	0.098078	0.480579	-0.370402	8.111370
08933	0.004395	0.060086	9.894261	0.000048	0.000598	0.098943	0.479312	-0.371833	8.112102
08934	0.065487	0.078851	9.928824	0.000660	0.000785	0.099288	0.478965	-0.372358	8.112071
08935	0.113883	0.038123	9.844433	0.001147	0.000375	0.098444	0.481222	-0.369197	8.113084
08936	0.084374	0.111066	9.771158	0.000848	0.001105	0.097712	0.483408	-0.369953	8.111864
08937	0.094561	0.114914	9.818608	0.000950	0.001146	0.098186	0.482296	-0.370403	8.114967
08938	0.096760	0.070694	9.870950	0.000973	0.000703	0.098709	0.482839	-0.370176	8.114863
08939	0.030538	0.098173	9.784018	0.000311	0.000978	0.097840	0.482294	-0.370130	8.114970
08940	0.027154	0.052553	9.812635	0.000277	0.000521	0.098126	0.483577	-0.370031	8.113938
08941	0.079679	0.102985	9.897443	0.000802	0.001026	0.098974	0.483204	-0.370667	8.115294
08942	0.090931	0.096142	9.844791	0.000916	0.000959	0.098448	0.481364	-0.369328	8.117232
08943	0.076940	0.116203	9.771160	0.000776	0.001158	0.097712	0.481862	-0.367605	8.119401
08944	0.077423	0.094399	9.797342	0.000779	0.000942	0.097973	0.480151	-0.368309	8.117105
08945	0.087708	0.098109	9.844801	0.000880	0.000977	0.098448	0.480864	-0.370477	8.119017
08946	0.051009	0.110831	9.902635	0.000515	0.001103	0.099026	0.482153	-0.370375	8.117980
08947	0.058336	0.080271	9.852442	0.000589	0.000799	0.098524	0.481776	-0.369316	8.120937
08948	0.069592	0.073612	9.799799	0.000701	0.000732	0.097998	0.482327	-0.369082	8.120825
08949	0.068675	0.074521	9.799799	0.000691	0.000740	0.097998	0.483613	-0.370700	8.120445
08950	0.107841	0.075442	9.865817	0.001083	0.000752	0.098658	0.481483	-0.371116	8.120663
08951	0.090272	0.071607	9.794626	0.000908	0.000710	0.097946	0.483805	-0.371102	8.121299
08952	0.046148	0.105280	9.802507	0.000467	0.001049	0.098025	0.484191	-0.370144	8.120446
08953	0.070485	0.067280	9.949833	0.000708	0.000670	0.099498	0.483115	-0.372200	8.122286
08954	0.074836	0.081450	9.847268	0.000754	0.000810	0.098473	0.483817	-0.371083	8.123025
08955	0.051650	0.076121	9.752335	0.000522	0.000757	0.097523	0.484348	-0.370940	8.124194
08956	0.071014	0.105493	9.821067	0.000715	0.001052	0.098211	0.483851	-0.370731	8.123409
08957	0.096615	0.056906	9.868323	0.000972	0.000566	0.098683	0.482590	-0.370429	8.124961
08958	0.076017	0.085873	9.871011	0.000765	0.000855	0.098710	0.482575	-0.370784	8.126505
08959	0.024146	0.083109	9.757487	0.000246	0.000828	0.097575	0.481650	-0.371958	8.129640
08960	0.081057	0.078091	9.794657	0.000817	0.000778	0.097947	0.480247	-0.370896	8.129042
08961	0.073025	0.087748	9.871017	0.000735	0.000874	0.098710	0.480323	-0.371741	8.127621
08962	0.068279	0.064614	9.873494	0.000687	0.000642	0.098735	0.481219	-0.372944	8.128973
08963	0.054597	0.084707	9.799805	0.000553	0.000843	0.097998	0.480987	-0.371078	8.129794
08964	0.089507	0.061871	9.868360	0.000900	0.000615	0.098684	0.481404	-0.371715	8.128813
08965	0.052392	0.086226	9.799804	0.000530	0.000859	0.097998	0.481030	-0.370676	8.129234
08966	0.076331	0.060263	9.820893	0.000769	0.000598	0.098209	0.481595	-0.370431	8.129107
08967	0.090157	0.076596	9.992199	0.000907	0.000760	0.099922	0.483617	-0.370522	8.127938
08968	0.090561	0.078725	9.765803	0.000912	0.000783	0.097658	0.484329	-0.369396	8.128666
08969	0.057334	0.115220	9.821047	0.000578	0.001149	0.098210	0.483237	-0.369893	8.130259
08970	0.052302	0.091885	9.823536	0.000530	0.000915	0.098235	0.483041	-0.367916	8.131173
08971	0.085496	0.091433	9.865901	0.000860	0.000911	0.098659	0.482530	-0.367847	8.131240
08972	0.087779	0.059081	9.792055	0.000882	0.000587	0.097921	0.482379	-0.369074	8.131919
08973	0.105532	0.110864	9.834556	0.001060	0.001106	0.098346	0.481294	-0.369548	8.133805
08974	0.084288	0.071064	9.892143	0.000848	0.000707	0.098921	0.481289	-0.369894	8.135339
08975	0.081535	0.094225	9.865908	0.000822	0.000938	0.098659	0.481510	-0.368241	8.135629
08976	0.046006	0.096172	9.823526	0.000465	0.000957	0.098235	0.482250	-0.368713	8.136234
08977	0.039634	0.095393	9.799778	0.000401	0.000950	0.097998	0.482354	-0.369544	8.135870
08978	0.074625	0.072757	9.868410	0.000752	0.000723	0.098684	0.483239	-0.369134	8.137329
08979	0.100993	0.093260	9.860812	0.001014	0.000929	0.098608	0.483071	-0.370477	8.139077
08980	0.067337	0.072683	9.844667	0.000678	0.000723	0.098447	0.482759	-0.370978	8.139012
08981	0.088226	0.091601	9.813325	0.000888	0.000911	0.098133	0.484060	-0.370903	8.139456
08982	0.051127	0.104242	9.870995	0.000516	0.001039	0.098710	0.483750	-0.371403	8.139388
08983	0.091775	0.094705	9.837074	0.000922	0.000944	0.098371	0.482835	-0.372546	8.141529
08984	0.061975	0.098240	9.818411	0.000624	0.000977	0.098184	0.485068	-0.373266	8.140272
08985	0.086013	0.072421	9.839588	0.000866	0.000722	0.098396	0.483649	-0.372303	8.139059
08986	0.048665	0.084830	9.897244	0.000493	0.000845	0.098972	0.483320	-0.371197	8.139104
08987	0.054783	0.076405	9.820924	0.000553	0.000760	0.098209	0.483304	-0.371606	8.141815
08988	0.082760	0.074455	9.839600	0.000832	0.000741	0.098396	0.482689	-0.372261	8.140148
08989	0.052852	0.077757	9.820924	0.000534	0.000774	0.098209	0.482197	-0.372084	8.140326
08990	0.064284	0.059444	9.894690	0.000648	0.000590	0.098947	0.482946	-0.372547	8.140921
08991	0.052431	0.056890	9.847192	0.000530	0.000566	0.098472	0.481707	-0.372320	8.141588
08992	0.071583	0.098001	9.789591	0.000722	0.000976	0.097896	0.482127	-0.371337	8.140699
