// Start Time: Unknown
// Update Rate: 100.0Hz
// Filter Profile: human (46.1)
// Firmware Version: 4.3.5
PacketCounter	Acc_X	Acc_Y	Acc_Z	VelInc_X	VelInc_Y	VelInc_Z	Roll	Pitch	Yaw
08244	0.079964	0.006665	9.958609	0.000804	0.000066	0.099586	0.038182	-0.462486	-18.836695
08245	0.061613	-0.007554	9.949308	0.000620	-0.000075	0.099493	-0.003356	-0.412467	-18.784123
08246	0.060788	-0.007552	9.949313	0.000612	-0.000076	0.099493	-0.003026	-0.407609	-18.788734
08247	0.092471	-0.020076	9.907297	0.000929	-0.000201	0.099073	-0.005016	-0.404019	-18.796315
08248	0.091173	-0.012754	9.961410	0.000915	-0.000128	0.099614	-0.003950	-0.400792	-18.801723
08249	0.058664	-0.007380	9.949326	0.000590	-0.000074	0.099493	-0.013672	-0.400219	-18.811037
08250	0.072332	-0.026967	9.952107	0.000727	-0.000269	0.099521	-0.014153	-0.395637	-18.815829
08251	0.088953	-0.012771	9.961430	0.000894	-0.000128	0.099614	-0.019880	-0.391802	-18.823260
08252	0.062105	-0.037760	9.920408	0.000625	-0.000377	0.099204	-0.020180	-0.387153	-18.828958
08253	0.082006	0.010190	9.936270	0.000823	0.000102	0.099363	-0.024068	-0.384607	-18.835421
08254	0.069710	-0.034278	9.898024	0.000701	-0.000343	0.098980	-0.023560	-0.379683	-18.840939
08255	0.085657	-0.012770	9.961459	0.000861	-0.000128	0.099615	-0.030475	-0.376311	-18.847940
08256	0.064235	-0.060798	9.945603	0.000646	-0.000608	0.099456	-0.030680	-0.372579	-18.852680
08257	0.084035	-0.012849	9.961472	0.000845	-0.000128	0.099615	-0.033895	-0.367967	-18.860436
08258	0.069399	-0.000588	9.904587	0.000698	-0.000006	0.099046	-0.033751	-0.363178	-18.864147
08259	0.082378	-0.012819	9.961486	0.000827	-0.000129	0.099615	-0.040418	-0.361739	-18.871054
08260	0.073177	-0.023657	9.929775	0.000736	-0.000235	0.099298	-0.041989	-0.356585	-18.876085
08261	0.080810	-0.013054	9.961499	0.000811	-0.000131	0.099615	-0.044112	-0.353798	-18.882432
08262	0.080070	-0.013065	9.961505	0.000805	-0.000131	0.099615	-0.044234	-0.349083	-18.889038
08263	0.061671	-0.027305	9.952178	0.000622	-0.000273	0.099522	-0.041110	-0.342828	-18.892755
08264	0.060744	-0.027241	9.952184	0.000612	-0.000273	0.099522	-0.040606	-0.337905	-18.898276
08265	0.072103	0.009978	9.936347	0.000725	0.000101	0.099363	-0.051409	-0.336428	-18.908538
08266	0.085054	-0.002251	9.993253	0.000854	-0.000024	0.099933	-0.049821	-0.332078	-18.913826
08267	0.084880	-0.009325	9.939155	0.000854	-0.000093	0.099392	-0.051728	-0.327605	-18.920164
08268	0.051985	-0.004040	9.927024	0.000525	-0.000041	0.099270	-0.051504	-0.321832	-18.925741
08269	0.082975	-0.009288	9.939172	0.000834	-0.000093	0.099392	-0.059917	-0.321377	-18.935563
08270	0.067725	0.010232	9.936377	0.000682	0.000102	0.099364	-0.059420	-0.316457	-18.941089
08271	0.081333	-0.009296	9.939185	0.000817	-0.000092	0.099392	-0.066444	-0.313350	-18.947092
08272	0.077473	-0.043088	9.932648	0.000779	-0.000431	0.099326	-0.065947	-0.308429	-18.952619
08273	0.062210	-0.023534	9.929850	0.000626	-0.000235	0.099298	-0.068948	-0.308619	-18.958205
08274	0.104781	0.015694	9.980281	0.001051	0.000158	0.099803	-0.069789	-0.305101	-18.964036
08275	0.037256	-0.007732	9.949429	0.000377	-0.000077	0.099494	-0.076107	-0.303414	-18.972200
08276	0.082773	-0.032517	9.964399	0.000832	-0.000325	0.099644	-0.076425	-0.298767	-18.977910
08277	0.076629	-0.009501	9.939222	0.000771	-0.000095	0.099392	-0.084735	-0.295012	-18.987534
08278	0.075840	-0.009600	9.939228	0.000762	-0.000095	0.099392	-0.086240	-0.290766	-18.991622
08279	0.089497	-0.029227	9.942044	0.000899	-0.000292	0.099420	-0.093535	-0.289501	-19.002469
08280	0.083310	-0.006321	9.916867	0.000838	-0.000062	0.099169	-0.094700	-0.284202	-19.005532
08281	0.056005	-0.024127	9.929886	0.000563	-0.000242	0.099299	-0.099827	-0.278263	-19.015331
08282	0.087167	-0.029378	9.942065	0.000876	-0.000292	0.099421	-0.101453	-0.273067	-19.020386
08283	0.050564	-0.050912	9.977450	0.000510	-0.000508	0.099774	-0.107129	-0.269457	-19.028783
08284	0.070846	-0.010155	9.939265	0.000713	-0.000102	0.099393	-0.107147	-0.263692	-19.033478
08285	0.043461	-0.027981	9.952273	0.000438	-0.000280	0.099523	-0.111836	-0.264566	-19.040983
08286	0.092055	-0.018920	9.973830	0.000925	-0.000189	0.099738	-0.112019	-0.259807	-19.047614
08287	0.054911	0.002083	9.882357	0.000553	0.000020	0.098824	-0.120949	-0.265016	-19.057208
08288	0.099805	-0.015230	9.951476	0.001001	-0.000153	0.099515	-0.119976	-0.261797	-19.062662
08289	0.076311	-0.006514	9.916924	0.000768	-0.000064	0.099169	-0.126241	-0.253679	-19.070570
08290	0.038926	-0.020749	10.006393	0.000393	-0.000207	0.100064	-0.126461	-0.248917	-19.077218
08291	0.073859	0.000650	9.971040	0.000742	0.000006	0.099710	-0.130278	-0.251171	-19.085063
08292	0.082286	0.004305	9.948681	0.000826	0.000042	0.099487	-0.129587	-0.247079	-19.090573
08293	0.060286	-0.036488	9.986864	0.000607	-0.000365	0.099869	-0.135800	-0.248126	-19.101139
08294	0.080780	0.004361	9.948694	0.000811	0.000043	0.099487	-0.135472	-0.244200	-19.104845
08295	0.062560	-0.010021	9.939320	0.000630	-0.000099	0.099393	-0.139518	-0.240384	-19.114831
08296	0.079157	0.004281	9.948707	0.000795	0.000042	0.099487	-0.138207	-0.236087	-19.119260
08297	0.070123	-0.006456	9.916969	0.000705	-0.000064	0.099170	-0.143025	-0.228320	-19.131212
08298	0.065523	-0.032885	9.964527	0.000659	-0.000331	0.099645	-0.140744	-0.223593	-19.136361
08299	0.059354	-0.009810	9.939340	0.000598	-0.000097	0.099393	-0.149447	-0.220798	-19.149427
08300	0.090308	-0.015153	9.951566	0.000908	-0.000151	0.099516	-0.150200	-0.215191	-19.155253
08301	0.089433	-0.015243	9.951574	0.000898	-0.000152	0.099516	-0.142234	-0.211371	-19.155416
08302	0.047584	-0.013630	9.961712	0.000480	-0.000137	0.099617	-0.141768	-0.206296	-19.160939
08303	0.087727	-0.015313	9.951589	0.000882	-0.000152	0.099516	-0.144944	-0.206561	-19.170515
08304	0.077795	-0.018742	9.973952	0.000781	-0.000190	0.099739	-0.142314	-0.202647	-19.175570
08305	0.068687	-0.029424	9.942209	0.000692	-0.000293	0.099422	-0.140937	-0.198399	-19.181234
08306	0.079925	0.007716	9.926416	0.000802	0.000077	0.099264	-0.141304	-0.194571	-19.185043
08307	0.067180	-0.029582	9.942219	0.000675	-0.000296	0.099422	-0.136718	-0.193818	-19.188390
08308	0.052107	-0.010070	9.939381	0.000524	-0.000101	0.099394	-0.136550	-0.190760	-19.193012
08309	0.059606	0.000697	9.971136	0.000601	0.000007	0.099711	-0.132855	-0.186247	-19.195581
08310	0.079408	-0.048947	9.945080	0.000798	-0.000490	0.099451	-0.132188	-0.181103	-19.201002
08311	0.081645	-0.015122	9.951641	0.000819	-0.000151	0.099516	-0.119792	-0.180862	-19.196508
08312	0.057280	0.000718	9.971150	0.000578	0.000008	0.099711	-0.120194	-0.175192	-19.201168
08313	0.074752	0.007657	9.926457	0.000751	0.000078	0.099265	-0.117912	-0.172423	-19.205731
08314	0.052818	-0.033334	9.964601	0.000531	-0.000333	0.099646	-0.117688	-0.168412	-19.210243
08315	0.073350	0.007415	9.926467	0.000737	0.000075	0.099265	-0.112934	-0.171932	-19.212907
08316	0.054239	0.000169	9.971167	0.000546	0.000002	0.099712	-0.112706	-0.167066	-19.218344
08317	0.099768	-0.024380	9.986286	0.001002	-0.000244	0.099863	-0.109249	-0.167990	-19.222842
08318	0.061722	0.003814	9.948830	0.000622	0.000038	0.099488	-0.107992	-0.162804	-19.228988
08319	0.078220	0.018057	9.958250	0.000787	0.000182	0.099582	-0.099138	-0.168457	-19.227654
08320	0.079940	-0.039024	9.976893	0.000802	-0.000389	0.099769	-0.100210	-0.165194	-19.232414
08321	0.064889	-0.019651	9.974042	0.000652	-0.000197	0.099740	-0.083833	-0.170425	-19.226395
08322	0.058883	0.003411	9.948848	0.000593	0.000034	0.099488	-0.083142	-0.165756	-19.231652
08323	0.055113	-0.030388	9.942291	0.000556	-0.000304	0.099423	-0.069718	-0.168119	-19.226769
08324	0.071563	-0.016014	9.951717	0.000720	-0.000160	0.099517	-0.068183	-0.163295	-19.230850
08325	0.056236	0.003420	9.948863	0.000566	0.000034	0.099489	-0.056084	-0.164336	-19.226212
08326	0.046129	-0.000096	9.971207	0.000467	-0.000002	0.099712	-0.053823	-0.158401	-19.230080
08327	0.069043	-0.015882	9.951735	0.000693	-0.000159	0.099517	-0.040048	-0.157797	-19.220688
08328	0.077653	-0.012328	9.929401	0.000780	-0.000123	0.099294	-0.038623	-0.154074	-19.224702
08329	0.050318	-0.030327	9.942317	0.000508	-0.000303	0.099423	-0.018206	-0.157046	-19.212734
08330	0.090402	-0.031897	9.932281	0.000909	-0.000319	0.099323	-0.016192	-0.151411	-19.216531
08331	0.074030	-0.005212	9.983524	0.000744	-0.000052	0.099835	0.007594	-0.162031	-19.206746
08332	0.088817	-0.031827	9.932296	0.000892	-0.000318	0.099323	0.009810	-0.157551	-19.212339
08333	0.081454	-0.001559	9.961203	0.000821	-0.000016	0.099612	0.034902	-0.160026	-19.196601
08334	0.048687	0.003497	9.948903	0.000490	0.000036	0.099489	0.036798	-0.156805	-19.201250
08335	0.044996	-0.030414	9.942342	0.000456	-0.000304	0.099423	0.054101	-0.157807	-19.191962
08336	0.110650	-0.006572	9.973537	0.001110	-0.000068	0.099735	0.059787	-0.154363	-19.195705
08337	0.060755	-0.015775	9.951790	0.000611	-0.000156	0.099518	0.072931	-0.159675	-19.190064
08338	0.069228	-0.012246	9.929464	0.000696	-0.000123	0.099295	0.077109	-0.155945	-19.195050
08339	0.081832	-0.024367	9.986449	0.000823	-0.000244	0.099864	0.106012	-0.164796	-19.179135
08340	0.058186	-0.015740	9.951805	0.000587	-0.000158	0.099518	0.109893	-0.159585	-19.183145
08341	0.057280	-0.015747	9.951810	0.000577	-0.000157	0.099518	0.131469	-0.166295	-19.173420
08342	0.092312	0.005679	9.916608	0.000926	0.000057	0.099166	0.134628	-0.163442	-19.177555
08343	0.073180	-0.001555	9.961267	0.000736	-0.000015	0.099613	0.162250	-0.170964	-19.161376
08344	0.064178	-0.012177	9.929498	0.000647	-0.000124	0.099295	0.168770	-0.166253	-19.164658
08345	0.071489	-0.001213	9.961279	0.000718	-0.000012	0.099613	0.197022	-0.181455	-19.157475
08346	0.085366	-0.020635	9.964170	0.000857	-0.000206	0.099642	0.201793	-0.178638	-19.161110
08347	0.052835	-0.015560	9.951835	0.000532	-0.000156	0.099518	0.232593	-0.193508	-19.151001
08348	0.083867	-0.020594	9.964183	0.000843	-0.000205	0.099642	0.237041	-0.189276	-19.153678
08349	0.068502	-0.001191	9.961300	0.000689	-0.000013	0.099613	0.266932	-0.196322	-19.129908
08350	0.064921	-0.035026	9.954738	0.000654	-0.000349	0.099547	0.271178	-0.192377	-19.133493
08351	0.081387	-0.020583	9.964203	0.000818	-0.000208	0.099642	0.293559	-0.202849	-19.128006
08352	0.075342	0.002338	9.938997	0.000757	0.000026	0.099390	0.296724	-0.200462	-19.131818
08353	0.057234	-0.012352	9.929540	0.000577	-0.000123	0.099295	0.317475	-0.207476	-19.121438
08354	0.073718	0.002024	9.939009	0.000741	0.000020	0.099390	0.324256	-0.205019	-19.123443
08355	0.078189	-0.020883	9.964228	0.000787	-0.000209	0.099642	0.339321	-0.212283	-19.125094
08356	0.045490	-0.015813	9.951871	0.000458	-0.000159	0.099519	0.346273	-0.209961	-19.127043
08357	0.063250	-0.008532	9.907242	0.000636	-0.000086	0.099072	0.361831	-0.225560	-19.140885
08358	0.056158	-0.020576	10.062978	0.000567	-0.000206	0.100630	0.368726	-0.221620	-19.144718
08359	0.049287	-0.003746	9.796153	0.000497	-0.000035	0.097962	0.379023	-0.235664	-19.157344
08360	0.090143	0.000351	10.027833	0.000906	0.000004	0.100278	0.384509	-0.232519	-19.157718
08361	0.058731	-0.001882	9.961363	0.000590	-0.000020	0.099614	0.392312	-0.244591	-19.173765
08362	0.067213	0.001738	9.939055	0.000677	0.000018	0.099391	0.398195	-0.241462	-19.175959
08363	0.057179	-0.001941	9.961372	0.000575	-0.000019	0.099614	0.406027	-0.251395	-19.184413
08364	0.071082	-0.021342	9.964281	0.000714	-0.000213	0.099643	0.412714	-0.250028	-19.187407
08365	0.069086	-0.014213	10.018386	0.000696	-0.000141	0.100184	0.409687	-0.250146	-19.195292
08366	0.082535	0.008762	9.894458	0.000830	0.000087	0.098945	0.417461	-0.247481	-19.197093
08367	0.036833	-0.016336	9.951906	0.000371	-0.000163	0.099519	0.418603	-0.253628	-19.206960
08368	0.085368	-0.007123	9.973785	0.000857	-0.000069	0.099738	0.422501	-0.252354	-19.210618
08369	0.061919	0.001280	9.939089	0.000624	0.000012	0.099391	0.428142	-0.255989	-19.212974
08370	0.075618	-0.017968	9.942007	0.000760	-0.000180	0.099420	0.435393	-0.254602	-19.214933
08371	0.073638	-0.010730	9.996112	0.000740	-0.000107	0.099961	0.437301	-0.257925	-19.219325
08372	0.096629	-0.026495	9.976727	0.000971	-0.000265	0.099767	0.444263	-0.255740	-19.221343
08373	0.073117	-0.017890	9.942025	0.000736	-0.000179	0.099420	0.436950	-0.258641	-19.244007
08374	0.081643	-0.014328	9.919728	0.000819	-0.000143	0.099197	0.442726	-0.258774	-19.246368
08375	0.071754	-0.018005	9.942035	0.000722	-0.000180	0.099420	0.441043	-0.267736	-19.266710
08376	0.085740	-0.037097	9.944959	0.000859	-0.000374	0.099450	0.450732	-0.268497	-19.269178
08377	0.061197	-0.021201	9.964347	0.000617	-0.000211	0.099643	0.444779	-0.267820	-19.279492
08378	0.055034	0.001574	9.939130	0.000553	0.000016	0.099391	0.450571	-0.267114	-19.279991
08379	0.068905	-0.017880	9.942055	0.000693	-0.000178	0.099421	0.448911	-0.267590	-19.282774
08380	0.099944	-0.022896	9.954484	0.001003	-0.000229	0.099545	0.454753	-0.265890	-19.285149
08381	0.058120	-0.021617	9.964364	0.000585	-0.000216	0.099644	0.454487	-0.269800	-19.290739
08382	0.060053	0.012363	9.970946	0.000605	0.000122	0.099709	0.463004	-0.268155	-19.292521
08383	0.075126	-0.014054	9.919779	0.000755	-0.000140	0.099198	0.455783	-0.267947	-19.303604
08384	0.082223	-0.003307	9.951588	0.000827	-0.000033	0.099516	0.461581	-0.265287	-19.307902
08385	0.064129	-0.017904	9.942087	0.000645	-0.000178	0.099421	0.454459	-0.267548	-19.318633
08386	0.075250	0.019417	9.926377	0.000757	0.000194	0.099264	0.461071	-0.265563	-19.321833
08387	0.062502	-0.017971	9.942098	0.000629	-0.000179	0.099421	0.449326	-0.274715	-19.353347
08388	0.093476	-0.022792	9.954547	0.000939	-0.000229	0.099545	0.456576	-0.272561	-19.356452
08389	0.036924	-0.002079	9.961467	0.000373	-0.000020	0.099615	0.453351	-0.273561	-19.361435
08390	0.068121	-0.007074	9.973918	0.000684	-0.000070	0.099739	0.458697	-0.273955	-19.365023
08391	0.083254	-0.033733	9.922761	0.000838	-0.000337	0.099228	0.455104	-0.273422	-19.372871
08392	0.066455	-0.007289	9.973929	0.000668	-0.000072	0.099739	0.460371	-0.272938	-19.373632
08393	0.083072	0.007236	9.983451	0.000834	0.000071	0.099834	0.453905	-0.273091	-19.386597
08394	0.098222	-0.019182	9.932299	0.000987	-0.000192	0.099323	0.459672	-0.270469	-19.389129
08395	0.065577	-0.014305	9.919847	0.000659	-0.000143	0.099198	0.446645	-0.265839	-19.403946
08396	0.087398	-0.022874	9.954602	0.000878	-0.000228	0.099546	0.451733	-0.264288	-19.406675
08397	0.062708	-0.007242	9.973953	0.000631	-0.000072	0.099740	0.441652	-0.260135	-19.417513
08398	0.054049	-0.018117	9.942147	0.000544	-0.000181	0.099421	0.447090	-0.259312	-19.421141
08399	0.067933	-0.037497	9.945095	0.000683	-0.000375	0.099451	0.442942	-0.260687	-19.425775
08400	0.055048	0.015522	9.948738	0.000555	0.000156	0.099487	0.447571	-0.258260	-19.428627
08401	0.074232	-0.026746	9.976918	0.000745	-0.000268	0.099769	0.448928	-0.256202	-19.422782
08402	0.062878	0.019296	9.926463	0.000633	0.000193	0.099265	0.454634	-0.254312	-19.425396
08403	0.058130	-0.007196	9.973981	0.000585	-0.000073	0.099740	0.448059	-0.251736	-19.432907
08404	0.066620	-0.003635	9.951704	0.000671	-0.000035	0.099517	0.451779	-0.249527	-19.435981
08405	0.072485	-0.033961	9.922845	0.000729	-0.000339	0.099228	0.446140	-0.248177	-19.441899
08406	0.050555	0.015551	9.948762	0.000507	0.000155	0.099488	0.451914	-0.248997	-19.445517
08407	0.056551	-0.014656	9.919902	0.000571	-0.000146	0.099199	0.441025	-0.229757	-19.441617
08408	0.086096	-0.012414	9.986495	0.000864	-0.000124	0.099865	0.445935	-0.228783	-19.444457
08409	0.095950	-0.015892	9.910129	0.000965	-0.000160	0.099101	0.438028	-0.209935	-19.442070
08410	0.071261	-0.000162	9.929457	0.000715	-0.000001	0.099295	0.442314	-0.209920	-19.445066
08411	0.070618	-0.000212	9.929462	0.000710	-0.000002	0.099295	0.430454	-0.199788	-19.446030
08412	0.051240	-0.007422	9.974019	0.000516	-0.000075	0.099740	0.435930	-0.198270	-19.448750
08413	0.059792	-0.003759	9.951747	0.000602	-0.000037	0.099517	0.411040	-0.179681	-19.461982
08414	0.073721	-0.023189	9.954712	0.000740	-0.000231	0.099547	0.414645	-0.178547	-19.465165
08415	0.063713	-0.026958	9.976990	0.000641	-0.000269	0.099770	0.395426	-0.168043	-19.473151
08416	0.057510	-0.003862	9.951761	0.000580	-0.000040	0.099518	0.401951	-0.164765	-19.476617
08417	0.079152	-0.012243	9.986552	0.000795	-0.000121	0.099865	0.373442	-0.139524	-19.486881
08418	0.070592	-0.023216	9.954734	0.000709	-0.000232	0.099547	0.377185	-0.137849	-19.489138
08419	0.079160	-0.019562	9.932469	0.000796	-0.000196	0.099325	0.351433	-0.113967	-19.501678
08420	0.078311	-0.019489	9.932476	0.000787	-0.000195	0.099325	0.355621	-0.110872	-19.504791
08421	0.053528	-0.003840	9.951783	0.000539	-0.000038	0.099518	0.330834	-0.083021	-19.513321
08422	0.052951	-0.003851	9.951786	0.000531	-0.000039	0.099518	0.334831	-0.082498	-19.516534
08423	0.072206	-0.045949	9.979999	0.000727	-0.000461	0.099800	0.315256	-0.059801	-19.525376
08424	0.075180	-0.019259	9.932500	0.000757	-0.000192	0.099325	0.318280	-0.055545	-19.530674
08425	0.076827	0.014412	9.939095	0.000772	0.000145	0.099391	0.304336	-0.043877	-19.541179
08426	0.064204	-0.023141	9.954778	0.000646	-0.000231	0.099548	0.307525	-0.040368	-19.546461
08427	0.080526	-0.008623	9.964348	0.000809	-0.000087	0.099643	0.298272	-0.035146	-19.557029
08428	0.067944	-0.046045	9.980029	0.000683	-0.000460	0.099800	0.301480	-0.032522	-19.561384
08429	0.047274	-0.003733	9.951815	0.000476	-0.000038	0.099518	0.297661	-0.032861	-19.572441
08430	0.063669	0.010797	9.961386	0.000641	0.000108	0.099614	0.300367	-0.029465	-19.575959
08431	0.062856	0.010745	9.961392	0.000633	0.000108	0.099614	0.295502	-0.029896	-19.592514
08432	0.085973	-0.004751	9.942117	0.000864	-0.000049	0.099421	0.300412	-0.025741	-19.594581
08433	0.072098	0.007335	9.885048	0.000724	0.000075	0.098850	0.296675	-0.026323	-19.606747
08434	0.065802	-0.012274	9.986649	0.000663	-0.000122	0.099866	0.299234	-0.022005	-19.611243
08435	0.064922	-0.012367	9.986655	0.000653	-0.000123	0.099867	0.298062	-0.022203	-19.621064
08436	0.050993	-0.000346	9.929582	0.000514	-0.000003	0.099296	0.300905	-0.018737	-19.625507
08437	0.064865	-0.019718	9.932572	0.000653	-0.000197	0.099326	0.299110	-0.019118	-19.636152
08438	0.071890	-0.009031	9.964413	0.000723	-0.000089	0.099644	0.300960	-0.016013	-19.639880
08439	0.071110	-0.008934	9.964419	0.000715	-0.000091	0.099644	0.301984	-0.015465	-19.652478
08440	0.094251	-0.024412	9.945160	0.000947	-0.000243	0.099452	0.304351	-0.011230	-19.656074
08441	0.061599	-0.019813	9.932593	0.000620	-0.000197	0.099326	0.302619	-0.011415	-19.667031
08442	0.081705	-0.021192	10.021521	0.000821	-0.000211	0.100215	0.305087	-0.008106	-19.669668
08443	0.050615	-0.023758	9.954855	0.000511	-0.000237	0.099549	-0.057671	-0.402255	-19.131239
08444	0.064393	-0.043059	9.957853	0.000648	-0.000431	0.099579	-0.057079	-0.401874	-19.131686
08445	0.090107	-0.024822	9.945198	0.000904	-0.000248	0.099452	-0.058448	-0.403214	-19.138707
08446	0.074721	-0.005424	9.942208	0.000751	-0.000055	0.099422	-0.056955	-0.403468	-19.138003
08447	0.073948	-0.005343	9.942214	0.000743	-0.000053	0.099422	-0.058340	-0.403848	-19.144093
08448	0.082583	-0.001734	9.919970	0.000829	-0.000017	0.099200	-0.058456	-0.404667	-19.143761
08449	0.063160	-0.009185	9.964472	0.000635	-0.000091	0.099645	-0.060348	-0.405251	-19.150183
08450	0.071716	-0.005582	9.942230	0.000721	-0.000056	0.099422	-0.059944	-0.404939	-19.149724
08451	0.061532	-0.009268	9.964482	0.000619	-0.000092	0.099645	-0.061250	-0.405305	-19.155855
08452	0.060690	-0.009229	9.964488	0.000611	-0.000093	0.099645	-0.060229	-0.404781	-19.154304
08453	0.083973	-0.024742	9.945252	0.000843	-0.000247	0.099452	-0.061010	-0.405906	-19.161029
08454	0.076383	0.005303	9.974098	0.000767	0.000054	0.099741	-0.061931	-0.407007	-19.160884
08455	0.052398	-0.027398	9.878562	0.000529	-0.000274	0.098786	-0.062582	-0.406236	-19.163092
08456	0.089453	-0.014057	9.977118	0.000898	-0.000141	0.099771	-0.062322	-0.406914	-19.164573
08457	0.066178	-0.005825	9.942268	0.000667	-0.000056	0.099423	-0.064769	-0.405722	-19.165999
08458	0.053577	-0.043520	9.957915	0.000539	-0.000435	0.099579	-0.065074	-0.406610	-19.164762
08459	0.064700	-0.006087	9.942278	0.000650	-0.000061	0.099423	-0.065727	-0.407621	-19.167399
08460	0.086384	-0.014519	9.977144	0.000868	-0.000145	0.099771	-0.065940	-0.407520	-19.168034
08461	0.063191	-0.006268	9.942287	0.000636	-0.000062	0.099423	-0.067741	-0.407995	-19.171797
08462	0.076993	-0.025546	9.945306	0.000775	-0.000256	0.099453	-0.066630	-0.406481	-19.172119
08463	0.076161	-0.025527	9.945313	0.000765	-0.000255	0.099453	-0.067702	-0.407652	-19.174052
08464	0.083223	-0.014492	9.977171	0.000836	-0.000147	0.099772	-0.064931	-0.408399	-19.174009
08465	0.052330	-0.016851	9.910453	0.000528	-0.000168	0.099105	-0.066163	-0.407974	-19.171891
08466	0.049770	-0.009773	9.964548	0.000502	-0.000098	0.099645	-0.066187	-0.407802	-19.173434
08467	0.063696	-0.029144	9.967570	0.000641	-0.000290	0.099676	-0.067454	-0.407954	-19.170856
08468	0.079994	-0.014738	9.977197	0.000804	-0.000147	0.099772	-0.067855	-0.407924	-19.170586
08469	0.080975	-0.021982	9.923113	0.000813	-0.000220	0.099231	-0.068095	-0.408894	-19.169275
08470	0.073210	0.008095	9.951955	0.000736	0.000081	0.099520	-0.068308	-0.408793	-19.169912
08471	0.087110	-0.011183	9.954984	0.000875	-0.000112	0.099550	-0.068400	-0.408457	-19.168815
08472	0.054584	-0.006282	9.942338	0.000549	-0.000065	0.099423	-0.065628	-0.409202	-19.168772
08473	0.087847	0.022942	9.961601	0.000884	0.000231	0.099616	-0.067421	-0.407926	-19.170213
08474	0.052878	-0.006375	9.942348	0.000532	-0.000063	0.099423	-0.067726	-0.408814	-19.168978
08475	0.076360	-0.021988	9.923150	0.000767	-0.000220	0.099231	-0.067992	-0.409855	-19.165583
08476	0.083303	-0.011185	9.955016	0.000837	-0.000111	0.099550	-0.068393	-0.409824	-19.165314
08477	0.056070	-0.029356	9.967616	0.000565	-0.000295	0.099676	-0.066849	-0.410034	-19.164784
08478	0.081718	-0.010919	9.955030	0.000821	-0.000109	0.099550	-0.066446	-0.409719	-19.164328
08479	0.080988	-0.010960	9.955036	0.000813	-0.000109	0.099550	-0.067339	-0.411077	-19.165785
08480	0.033698	0.012787	9.939337	0.000342	0.000129	0.099393	-0.068026	-0.410197	-19.165577
08481	0.062407	-0.025649	9.945408	0.000627	-0.000257	0.099454	-0.066861	-0.411589	-19.164039
08482	0.064030	0.008229	9.952018	0.000644	0.000083	0.099520	-0.067074	-0.411486	-19.164677
08483	0.070394	-0.021908	9.923194	0.000707	-0.000219	0.099232	-0.067075	-0.412120	-19.163577
08484	0.077254	-0.010948	9.955065	0.000777	-0.000110	0.099551	-0.066104	-0.411592	-19.165842
08485	0.067052	-0.014519	9.977293	0.000674	-0.000146	0.099773	-0.065462	-0.412142	-19.163848
08486	0.058629	-0.025490	9.945432	0.000591	-0.000254	0.099454	-0.066954	-0.411546	-19.163829
08487	0.091835	0.003544	9.964731	0.000922	0.000036	0.099647	-0.067080	-0.411316	-19.164183
08488	0.088823	-0.030325	9.958131	0.000891	-0.000303	0.099581	-0.067575	-0.412274	-19.162044
08489	0.073378	-0.011000	9.955094	0.000738	-0.000112	0.099551	-0.065702	-0.412428	-19.161093
08490	0.072592	-0.010886	9.955100	0.000730	-0.000108	0.099551	-0.066104	-0.412396	-19.160826
08491	0.045351	-0.029274	9.967670	0.000458	-0.000292	0.099677	-0.066592	-0.412363	-19.159411
08492	0.080384	-0.007259	9.932896	0.000808	-0.000073	0.099329	-0.066000	-0.411975	-19.159863
08493	0.055390	0.008232	9.952070	0.000558	0.000083	0.099521	-0.066753	-0.412163	-19.159117
08494	0.067256	-0.044915	9.948514	0.000675	-0.000449	0.099485	-0.067386	-0.414111	-19.158918
08495	0.078165	-0.007295	9.932913	0.000787	-0.000075	0.099329	-0.065579	-0.412234	-19.157837
08496	0.067807	-0.010942	9.955134	0.000682	-0.000108	0.099551	-0.066595	-0.412414	-19.158666
08497	0.072486	-0.033897	9.980404	0.000728	-0.000340	0.099804	-0.065856	-0.413779	-19.155173
08498	0.066382	-0.010896	9.955144	0.000669	-0.000109	0.099551	-0.065551	-0.412543	-19.155687
08499	0.091990	0.007427	9.942601	0.000923	0.000074	0.099426	-0.065834	-0.413331	-19.155077
08500	0.064828	-0.010954	9.955154	0.000652	-0.000109	0.099552	-0.066236	-0.413298	-19.154812
08501	0.066246	0.022845	9.961768	0.000667	0.000228	0.099618	-0.066037	-0.412829	-19.154057
08502	0.087324	-0.026313	9.936015	0.000878	-0.000264	0.099360	-0.064641	-0.412157	-19.154324
08503	0.079271	0.003858	9.964839	0.000797	0.000039	0.099648	-0.065077	-0.412120	-19.152469
08504	0.061546	-0.010816	9.955175	0.000619	-0.000108	0.099552	-0.065192	-0.412935	-19.152144
08505	0.051309	-0.014620	9.977386	0.000518	-0.000146	0.099774	-0.066005	-0.412117	-19.151954
08506	0.093568	-0.022657	9.913837	0.000939	-0.000227	0.099138	-0.065126	-0.412576	-19.152348
08507	0.090895	-0.015363	9.967928	0.000913	-0.000154	0.099679	-0.064732	-0.412370	-19.154445
08508	0.058376	-0.010761	9.955194	0.000587	-0.000107	0.099552	-0.064847	-0.413184	-19.154121
08509	0.066991	-0.007038	9.932995	0.000675	-0.000071	0.099330	-0.064710	-0.412002	-19.155281
08510	0.049300	-0.021775	9.923322	0.000495	-0.000216	0.099233	-0.066145	-0.414234	-19.155272
08511	0.082674	0.007519	9.942683	0.000831	0.000073	0.099427	-0.064157	-0.414241	-19.153117
08512	0.096530	-0.011639	9.945761	0.000971	-0.000115	0.099458	-0.065746	-0.412725	-19.154070
08513	0.054259	-0.010843	9.955217	0.000548	-0.000109	0.099552	-0.064637	-0.410989	-19.155482
08514	0.077712	-0.026207	9.936095	0.000780	-0.000262	0.099361	-0.064656	-0.412722	-19.154192
08515	0.067511	-0.029923	9.958300	0.000680	-0.000299	0.099583	-0.064512	-0.411515	-19.155334
08516	0.074134	-0.019057	9.990191	0.000745	-0.000190	0.099902	-0.065104	-0.411552	-19.154165
08517	0.090041	-0.045447	9.939190	0.000905	-0.000455	0.099392	-0.064962	-0.411112	-19.154947
08518	0.059624	-0.007028	9.933042	0.000600	-0.000071	0.099330	-0.064560	-0.410793	-19.154497
08519	0.069607	-0.052813	9.983596	0.000699	-0.000528	0.099836	-0.064586	-0.412602	-19.155680
08520	0.104714	-0.030850	9.948903	0.001052	-0.000307	0.099489	-0.066176	-0.411086	-19.156634
08521	0.057109	-0.007172	9.933057	0.000576	-0.000073	0.099331	-0.065055	-0.409632	-19.158746
08522	0.088052	-0.011524	9.945840	0.000883	-0.000116	0.099458	-0.064079	-0.411009	-19.158175
08523	0.063092	0.004024	9.964955	0.000635	0.000040	0.099650	-0.063810	-0.410716	-19.157497
08524	0.065508	-0.052692	9.983625	0.000658	-0.000527	0.099836	-0.063925	-0.411530	-19.157175
08525	0.095340	-0.007711	9.923668	0.000957	-0.000077	0.099237	-0.064440	-0.411296	-19.159400
08526	0.043927	-0.010717	9.955268	0.000442	-0.000107	0.099553	-0.064745	-0.412180	-19.158172
08527	0.069622	0.007842	9.942783	0.000700	0.000076	0.099428	-0.062565	-0.412039	-19.160501
08528	0.051794	-0.006668	9.933086	0.000523	-0.000066	0.099331	-0.063255	-0.411156	-19.160302
08529	0.106967	-0.026774	9.926789	0.001073	-0.000267	0.099268	-0.064616	-0.411329	-19.164512
08530	0.040761	-0.010685	9.955282	0.000411	-0.000107	0.099553	-0.064731	-0.412142	-19.164191
08531	0.071784	-0.015255	9.968085	0.000722	-0.000152	0.099681	-0.065384	-0.412245	-19.166511
08532	0.065722	0.007606	9.942810	0.000661	0.000076	0.099428	-0.065308	-0.412986	-19.167097
08533	0.077743	-0.045393	9.939294	0.000781	-0.000454	0.099393	-0.065716	-0.414021	-19.170639
08534	0.079375	-0.011573	9.945913	0.000795	-0.000116	0.099459	-0.065446	-0.416601	-19.169289
08535	0.084122	-0.034468	9.971199	0.000845	-0.000345	0.099712	-0.065770	-0.416626	-19.174769
08536	0.061127	-0.026036	9.936211	0.000614	-0.000262	0.099362	-0.063379	-0.417502	-19.172915
08537	0.077212	-0.011317	9.945930	0.000777	-0.000112	0.099459	-0.065205	-0.416203	-19.176573
08538	0.052058	0.003931	9.965018	0.000524	0.000039	0.099650	-0.065320	-0.417015	-19.176253
08539	0.090445	-0.030674	9.949043	0.000908	-0.000307	0.099490	-0.065885	-0.417143	-19.182011
08540	0.065335	-0.015336	9.968129	0.000657	-0.000153	0.099681	-0.066288	-0.417107	-19.181752
08541	0.074092	-0.011630	9.945954	0.000744	-0.000116	0.099460	-0.066525	-0.417877	-19.186027
08542	0.058435	0.007539	9.942855	0.000589	0.000075	0.099429	-0.066222	-0.416636	-19.186548
08543	0.089432	0.003057	9.955687	0.000897	0.000031	0.099557	-0.066790	-0.418719	-19.190041
08544	0.071894	-0.011737	9.945970	0.000723	-0.000116	0.099460	-0.067804	-0.418897	-19.190879
08545	0.056270	0.007326	9.942868	0.000567	0.000073	0.099429	-0.067935	-0.418912	-19.195104
08546	0.062825	-0.022673	9.914079	0.000633	-0.000227	0.099141	-0.067152	-0.418447	-19.196471
08547	0.086309	0.002966	9.955715	0.000867	0.000030	0.099557	-0.067601	-0.418502	-19.200685
08548	0.073908	-0.034626	9.971279	0.000743	-0.000346	0.099713	-0.067392	-0.418252	-19.199332
08549	0.048733	-0.019201	9.990346	0.000492	-0.000192	0.099903	-0.067265	-0.418130	-19.203402
08550	0.076493	-0.007939	9.923831	0.000768	-0.000079	0.099238	-0.067571	-0.419013	-19.202177
08551	0.080948	-0.030927	9.949124	0.000815	-0.000309	0.099491	-0.068455	-0.417391	-19.208991
08552	0.080065	-0.031002	9.949131	0.000804	-0.000310	0.099491	-0.068569	-0.418203	-19.208673
08553	0.076040	0.025745	9.930469	0.000765	0.000257	0.099305	-0.068231	-0.417987	-19.213016
08554	0.069042	-0.034690	9.971314	0.000694	-0.000347	0.099713	-0.068154	-0.418726	-19.213605
08555	0.068360	-0.034638	9.971318	0.000687	-0.000347	0.099713	-0.067690	-0.419379	-19.216537
08556	0.069660	-0.000803	9.977943	0.000701	-0.000008	0.099779	-0.068093	-0.419343	-19.216281
08557	0.085811	-0.027117	9.926994	0.000862	-0.000271	0.099270	-0.067955	-0.419145	-19.220031
08558	0.060731	-0.011809	9.946044	0.000610	-0.000117	0.099460	-0.068872	-0.420242	-19.219903
08559	0.084397	-0.027085	9.927006	0.000848	-0.000273	0.099270	-0.066940	-0.420332	-19.220268
08560	0.076188	0.003168	9.955797	0.000765	0.000032	0.099558	-0.066671	-0.420998	-19.221765
08561	0.073501	-0.030691	9.949183	0.000738	-0.000306	0.099492	-0.067357	-0.422023	-19.222177
08562	0.063186	-0.034541	9.971353	0.000637	-0.000345	0.099713	-0.067665	-0.420993	-19.223798
08563	0.081352	0.013960	9.987726	0.000816	0.000140	0.099877	-0.067633	-0.422644	-19.224526
08564	0.061699	-0.034558	9.971362	0.000622	-0.000346	0.099714	-0.067522	-0.421473	-19.224144
08565	0.087173	-0.016054	9.958957	0.000876	-0.000161	0.099590	-0.067268	-0.421101	-19.224699
08566	0.086454	-0.016129	9.958963	0.000867	-0.000160	0.099590	-0.068377	-0.422270	-19.223665
08567	0.046521	0.018192	9.974865	0.000469	0.000182	0.099749	-0.068838	-0.422246	-19.223016
08568	0.087220	-0.023496	9.904900	0.000875	-0.000235	0.099049	-0.068952	-0.423057	-19.222699
08569	0.069362	0.002735	9.955847	0.000698	0.000028	0.099558	-0.069272	-0.421973	-19.222737
08570	0.083484	-0.016405	9.958988	0.000837	-0.000164	0.099590	-0.069098	-0.423631	-19.222359
08571	0.058488	-0.001005	9.978014	0.000588	-0.000011	0.099780	-0.068398	-0.423954	-19.218759
08572	0.059914	-0.008090	9.923945	0.000603	-0.000081	0.099239	-0.067998	-0.423629	-19.218315
08573	0.081349	-0.016234	9.959006	0.000817	-0.000162	0.099590	-0.067986	-0.424219	-19.217846
08574	0.056251	-0.000815	9.978027	0.000566	-0.000009	0.099780	-0.066913	-0.424597	-19.219155
08575	0.074520	0.006889	9.933722	0.000750	0.000068	0.099337	-0.066133	-0.424068	-19.215753
08576	0.073745	0.006969	9.933728	0.000741	0.000070	0.099337	-0.065862	-0.424732	-19.217253
08577	0.061416	-0.030688	9.949265	0.000619	-0.000306	0.099493	-0.066533	-0.423711	-19.214553
08578	0.057260	0.025938	9.930594	0.000576	0.000260	0.099306	-0.066648	-0.424521	-19.214238
08579	0.076740	-0.016108	9.959043	0.000771	-0.000161	0.099590	-0.067031	-0.424343	-19.211582
08580	0.066447	-0.019878	9.981200	0.000668	-0.000199	0.099812	-0.066343	-0.424865	-19.211078
08581	0.067942	-0.027031	9.927132	0.000683	-0.000270	0.099271	-0.066841	-0.424689	-19.210731
08582	0.091346	-0.001398	9.968833	0.000917	-0.000014	0.099688	-0.066763	-0.425425	-19.211324
08583	0.056943	-0.030684	9.949292	0.000573	-0.000309	0.099493	-0.064718	-0.425364	-19.209103
08584	0.058123	0.003224	9.955919	0.000585	0.000033	0.099559	-0.065731	-0.425540	-19.209949
08585	0.055359	-0.030657	9.949301	0.000558	-0.000307	0.099493	-0.065217	-0.425160	-19.211269
08586	0.056446	0.003260	9.955929	0.000569	0.000032	0.099559	-0.064626	-0.424762	-19.211734
08587	0.053623	-0.030664	9.949310	0.000541	-0.000305	0.099493	-0.066228	-0.424046	-19.212275
08588	0.079151	-0.012300	9.936950	0.000796	-0.000123	0.099369	-0.066439	-0.423935	-19.212931
08589	0.063525	0.006764	9.933798	0.000639	0.000068	0.099338	-0.066450	-0.424618	-19.214153
08590	0.058668	-0.019993	9.981249	0.000590	-0.000199	0.099812	-0.067366	-0.425714	-19.214030
08591	0.099131	-0.020612	9.972055	0.000996	-0.000206	0.099721	-0.067098	-0.424369	-19.213726
08592	0.044290	-0.008186	9.924027	0.000448	-0.000081	0.099240	-0.067792	-0.423482	-19.213538
08593	0.099818	-0.027883	9.918000	0.001000	-0.000279	0.099180	-0.067782	-0.425985	-19.210845
08594	0.091532	0.002105	9.946774	0.000920	0.000022	0.099468	-0.068283	-0.425025	-19.211565
08595	0.081131	-0.001670	9.968921	0.000815	-0.000017	0.099689	-0.067487	-0.425407	-19.212394
08596	0.058295	0.006526	9.933831	0.000586	0.000065	0.099338	-0.067408	-0.426142	-19.212989
08597	0.064699	0.017499	9.965767	0.000652	0.000175	0.099658	-0.067142	-0.424768	-19.212557
08598	0.061992	-0.016417	9.959145	0.000623	-0.000163	0.099591	-0.068251	-0.425936	-19.211529
08599	0.055803	0.006295	9.933845	0.000564	0.000064	0.099338	-0.068940	-0.423932	-19.213754
08600	0.076918	-0.001985	9.968955	0.000774	-0.000019	0.099690	-0.070020	-0.423191	-19.211753
08601	0.068895	-0.012808	9.937026	0.000692	-0.000130	0.099370	-0.067293	-0.423878	-19.212181
08602	0.058551	-0.016315	9.959166	0.000590	-0.000164	0.099592	-0.066509	-0.423404	-19.213556
08603	0.089393	-0.020537	9.972147	0.000898	-0.000206	0.099721	-0.066185	-0.423064	-19.214382
08604	0.066533	-0.012468	9.937043	0.000668	-0.000124	0.099370	-0.066907	-0.424086	-19.215169
08605	0.072941	-0.001576	9.968985	0.000734	-0.000016	0.099690	-0.066806	-0.422991	-19.215183
08606	0.096633	-0.016921	9.950037	0.000969	-0.000168	0.099500	-0.067722	-0.424086	-19.215063
08607	0.057164	-0.023411	9.905119	0.000574	-0.000237	0.099051	-0.064722	-0.425639	-19.216018
08608	0.080556	0.002595	9.946869	0.000809	0.000026	0.099469	-0.064449	-0.426300	-19.217522
08609	0.062906	-0.012304	9.937067	0.000634	-0.000122	0.099371	-0.066118	-0.424710	-19.219414
08610	0.074590	-0.024389	9.994321	0.000749	-0.000244	0.099943	-0.066425	-0.425591	-19.218196
08611	0.066645	-0.035343	9.962387	0.000671	-0.000354	0.099624	-0.065884	-0.425228	-19.219780
08612	0.070061	-0.008645	9.914954	0.000705	-0.000086	0.099150	-0.066095	-0.425114	-19.220440
08613	0.098446	-0.005777	9.982029	0.000990	-0.000058	0.099820	-0.065910	-0.423660	-19.221756
08614	0.068147	-0.008614	9.914968	0.000687	-0.000086	0.099150	-0.065609	-0.422411	-19.222288
08615	0.074514	0.002302	9.946916	0.000748	0.000024	0.099469	-0.066462	-0.423380	-19.225449
08616	0.088801	-0.016585	9.950110	0.000891	-0.000168	0.099501	-0.063687	-0.424096	-19.225410
08617	0.061739	-0.035077	9.962420	0.000621	-0.000349	0.099624	-0.065272	-0.424306	-19.227806
08618	0.053206	-0.005230	9.991176	0.000536	-0.000052	0.099912	-0.065676	-0.424265	-19.227560
08619	0.086507	-0.016662	9.950130	0.000869	-0.000167	0.099501	-0.065360	-0.423981	-19.229088
08620	0.053989	-0.012415	9.937119	0.000544	-0.000124	0.099371	-0.065764	-0.423940	-19.228842
08621	0.086746	0.017189	9.956774	0.000871	0.000171	0.099568	-0.064958	-0.424289	-19.230120
08622	0.074491	-0.020228	9.972271	0.000750	-0.000204	0.099723	-0.062958	-0.423382	-19.229301
08623	0.068428	0.002810	9.946959	0.000687	0.000028	0.099470	-0.062912	-0.425089	-19.232343
08624	0.067835	0.002835	9.946963	0.000682	0.000028	0.099470	-0.062638	-0.425748	-19.233850
08625	0.072303	-0.020155	9.972287	0.000728	-0.000200	0.099723	-0.064254	-0.424242	-19.235400
08626	0.086428	-0.039461	9.975493	0.000867	-0.000393	0.099755	-0.065557	-0.425484	-19.233468
08627	0.065527	0.002319	9.946979	0.000659	0.000023	0.099470	-0.065549	-0.426130	-19.235133
08628	0.079734	-0.016743	9.950187	0.000801	-0.000167	0.099502	-0.065760	-0.426015	-19.235796
08629	0.047209	-0.012490	9.937153	0.000476	-0.000125	0.099372	-0.065199	-0.425516	-19.236213
08630	0.085092	-0.005700	9.982151	0.000856	-0.000057	0.099821	-0.065093	-0.424338	-19.235841
08631	0.067547	-0.020571	9.972319	0.000679	-0.000205	0.099723	-0.065879	-0.425299	-19.237820
08632	0.071204	0.005997	9.924892	0.000715	0.000060	0.099249	-0.066381	-0.426252	-19.235697
08633	0.075692	-0.016808	9.950218	0.000762	-0.000169	0.099502	-0.065074	-0.424626	-19.236506
08634	0.067719	-0.027698	9.918272	0.000680	-0.000277	0.099183	-0.065188	-0.425431	-19.236199
08635	0.064526	-0.020497	9.972339	0.000649	-0.000206	0.099723	-0.064360	-0.425774	-19.237172
08636	0.063742	-0.020400	9.972345	0.000642	-0.000204	0.099723	-0.063964	-0.425442	-19.236738
08637	0.050406	-0.008565	9.915074	0.000509	-0.000085	0.099151	-0.064706	-0.424602	-19.237867
08638	0.097913	0.001998	9.937990	0.000983	0.000020	0.099380	-0.064310	-0.424270	-19.237432
08639	0.080369	-0.012830	9.928149	0.000808	-0.000128	0.099281	-0.064729	-0.424146	-19.237018
08640	0.070005	-0.016689	9.950260	0.000703	-0.000167	0.099503	-0.064453	-0.424803	-19.238528
08641	0.071034	0.017071	9.956899	0.000714	0.000172	0.099569	-0.065499	-0.424932	-19.239790
08642	0.073921	-0.039751	9.975593	0.000742	-0.000397	0.099756	-0.065807	-0.425810	-19.238577
08643	0.067964	-0.017016	9.950274	0.000683	-0.000169	0.099503	-0.073633	-0.414954	-19.242252
08644	0.072642	-0.039888	9.975601	0.000730	-0.000400	0.099756	-0.072780	-0.415344	-19.242671
08645	0.083180	-0.002207	9.960141	0.000837	-0.000021	0.099601	-0.073497	-0.414364	-19.242192
08646	0.082305	-0.002316	9.960148	0.000827	-0.000023	0.099601	-0.073931	-0.414270	-19.241961
08647	0.096482	-0.021194	9.963379	0.000969	-0.000214	0.099634	-0.071897	-0.414173	-19.240745
08648	0.054392	-0.020773	9.972399	0.000548	-0.000207	0.099724	-0.072937	-0.414295	-19.241614
08649	0.073004	-0.013088	9.928205	0.000733	-0.000132	0.099282	-0.071800	-0.415598	-19.242535
08650	0.068019	-0.039731	9.975635	0.000684	-0.000397	0.099756	-0.072234	-0.415504	-19.242304
08651	0.063565	0.016962	9.956950	0.000640	0.000169	0.099569	-0.071642	-0.415060	-19.242121
08652	0.060914	-0.016816	9.950320	0.000614	-0.000168	0.099503	-0.071372	-0.413756	-19.242670
08653	0.091755	-0.020981	9.963425	0.000921	-0.000210	0.099634	-0.071479	-0.414536	-19.241663
08654	0.078600	-0.009041	9.906139	0.000790	-0.000091	0.099061	-0.070311	-0.413862	-19.241048
08655	0.075125	-0.002026	9.960205	0.000755	-0.000018	0.099602	-0.072745	-0.413664	-19.241945
08656	0.048051	-0.020742	9.972432	0.000484	-0.000209	0.099724	-0.070388	-0.414468	-19.240102
08657	0.079072	-0.024715	9.985545	0.000794	-0.000247	0.099855	-0.070452	-0.415229	-19.237878
08658	0.082731	0.001950	9.938128	0.000831	0.000020	0.099381	-0.070594	-0.415982	-19.237584
08659	0.081931	0.001867	9.938135	0.000824	0.000019	0.099381	-0.071235	-0.415163	-19.235976
08660	0.064376	-0.013072	9.928265	0.000648	-0.000130	0.099283	-0.071475	-0.414995	-19.236654
08661	0.085525	-0.020982	9.963480	0.000860	-0.000211	0.099635	-0.070093	-0.414236	-19.236308
08662	0.062714	-0.012836	9.928276	0.000631	-0.000129	0.099283	-0.069629	-0.414773	-19.234914
08663	0.078732	0.001981	9.938161	0.000790	0.000021	0.099382	-0.070340	-0.415613	-19.233770
08664	0.066529	-0.035825	9.953617	0.000671	-0.000358	0.099536	-0.070753	-0.413608	-19.232570
08665	0.057684	-0.005786	9.982347	0.000580	-0.000059	0.099823	-0.069549	-0.414777	-19.230754
08666	0.074636	-0.031792	9.931542	0.000751	-0.000318	0.099315	-0.069183	-0.414392	-19.230333
08667	0.080877	-0.020765	9.963519	0.000812	-0.000208	0.099635	-0.069076	-0.415130	-19.229760
08668	0.069461	0.024895	9.912857	0.000699	0.000249	0.099129	-0.069314	-0.414961	-19.230440
08669	0.094336	-0.039839	9.966782	0.000947	-0.000398	0.099668	-0.069696	-0.414952	-19.229385
08670	0.046876	-0.016838	9.950396	0.000473	-0.000168	0.099504	-0.070326	-0.414932	-19.228249
08671	0.082130	0.005723	9.916126	0.000825	0.000057	0.099161	-0.069823	-0.415497	-19.225744
08672	0.060315	-0.035842	9.953657	0.000608	-0.000358	0.099537	-0.070159	-0.414406	-19.227397
08673	0.087407	0.016601	9.948115	0.000878	0.000167	0.099481	-0.071170	-0.414567	-19.227475
08674	0.058693	-0.035945	9.953666	0.000591	-0.000361	0.099537	-0.069710	-0.414738	-19.226798
08675	0.067612	-0.032053	9.931592	0.000680	-0.000320	0.099316	-0.070703	-0.414842	-19.225942
08676	0.057132	-0.035988	9.953675	0.000576	-0.000360	0.099537	-0.070337	-0.414456	-19.225522
08677	0.073046	-0.021177	9.963579	0.000733	-0.000211	0.099636	-0.071320	-0.415450	-19.225500
08678	0.055676	-0.036092	9.953683	0.000561	-0.000361	0.099537	-0.070759	-0.414989	-19.225988
08679	0.056461	-0.002248	9.960328	0.000569	-0.000022	0.099603	-0.071236	-0.414938	-19.226632
08680	0.080436	-0.017405	9.941520	0.000808	-0.000174	0.099415	-0.071378	-0.415690	-19.226341
08681	0.055070	-0.002092	9.960336	0.000554	-0.000023	0.099603	-0.068558	-0.416423	-19.224553
08682	0.078993	-0.017090	9.941532	0.000794	-0.000170	0.099415	-0.070086	-0.415771	-19.224585
08683	0.046535	-0.013074	9.928364	0.000469	-0.000131	0.099284	-0.069189	-0.416145	-19.223219
08684	0.067816	-0.020977	9.963616	0.000681	-0.000210	0.099636	-0.069331	-0.416896	-19.222928
08685	0.078373	0.016683	9.948191	0.000788	0.000167	0.099482	-0.069821	-0.416737	-19.222969
08686	0.067855	0.012793	9.970268	0.000683	0.000128	0.099703	-0.069455	-0.416350	-19.222551
08687	0.060204	0.001707	9.938290	0.000605	0.000018	0.099383	-0.070586	-0.417397	-19.220311
08688	0.075947	0.016483	9.948210	0.000765	0.000165	0.099482	-0.070611	-0.415241	-19.220931
08689	0.041864	-0.013240	9.928385	0.000421	-0.000133	0.099284	-0.069856	-0.416646	-19.219544
08690	0.057825	0.001615	9.938304	0.000582	0.000017	0.099383	-0.070895	-0.416766	-19.220421
08691	0.057142	0.001433	9.938308	0.000574	0.000015	0.099383	-0.071830	-0.417681	-19.218841
08692	0.081170	-0.013751	9.919522	0.000816	-0.000137	0.099195	-0.072068	-0.417510	-19.219525
08693	0.072207	0.016215	9.948238	0.000726	0.000162	0.099482	-0.071681	-0.417132	-19.218567
08694	0.067116	-0.010560	9.995651	0.000674	-0.000105	0.099956	-0.072622	-0.418174	-19.218471
08695	0.069256	-0.017706	9.941604	0.000696	-0.000178	0.099416	-0.071753	-0.418562	-19.218632
08696	0.068466	-0.017592	9.941609	0.000689	-0.000176	0.099416	-0.071192	-0.418098	-19.219123
08697	0.079900	-0.029494	9.998947	0.000803	-0.000294	0.099989	-0.072679	-0.418209	-19.218114
08698	0.088858	-0.025614	9.976891	0.000892	-0.000257	0.099769	-0.071221	-0.418376	-19.217438
08699	0.088080	-0.025532	9.976898	0.000885	-0.000255	0.099769	-0.071673	-0.418298	-19.217758
08700	0.081932	-0.002768	9.951560	0.000823	-0.000027	0.099516	-0.071911	-0.418126	-19.218443
08701	0.064608	-0.017715	9.941635	0.000649	-0.000177	0.099416	-0.072098	-0.418816	-19.218639
08702	0.088547	-0.032780	9.922869	0.000890	-0.000328	0.099229	-0.072027	-0.417580	-19.218288
08703	0.079618	-0.002813	9.951579	0.000799	-0.000028	0.099516	-0.071893	-0.419143	-19.217882
08704	0.084217	-0.025665	9.976931	0.000847	-0.000256	0.099769	-0.072229	-0.418049	-19.219541
08705	0.061426	-0.017876	9.941655	0.000618	-0.000178	0.099417	-0.073299	-0.418167	-19.221005
08706	0.092264	-0.021982	9.954889	0.000927	-0.000220	0.099549	-0.073131	-0.417853	-19.219681
08707	0.066715	-0.006880	9.973659	0.000671	-0.000069	0.099737	-0.072446	-0.418340	-19.218416
08708	0.059179	-0.017865	9.941669	0.000595	-0.000178	0.099417	-0.072587	-0.419089	-19.218129
08709	0.048639	-0.021794	9.963727	0.000491	-0.000218	0.099637	-0.072734	-0.417924	-19.217131
08710	0.052123	0.004887	9.916330	0.000525	0.000049	0.099163	-0.072973	-0.417751	-19.217818
08711	0.073184	-0.003200	9.951628	0.000736	-0.000030	0.099516	-0.074721	-0.417204	-19.217703
08712	0.062637	-0.007132	9.973685	0.000630	-0.000073	0.099737	-0.073262	-0.417369	-19.217028
08713	0.097938	0.015730	9.939537	0.000983	0.000157	0.099395	-0.073038	-0.418006	-19.219604
08714	0.061131	-0.006897	9.973694	0.000616	-0.000070	0.099737	-0.072071	-0.417398	-19.218087
08715	0.079739	0.000960	9.929603	0.000801	0.000010	0.099296	-0.072336	-0.417221	-19.219489
08716	0.054122	0.015928	9.948353	0.000545	0.000160	0.099484	-0.072574	-0.417047	-19.220177
08717	0.084941	0.011869	9.961615	0.000853	0.000119	0.099616	-0.073027	-0.416980	-19.220928
08718	0.066004	-0.036949	9.945020	0.000665	-0.000370	0.099450	-0.072957	-0.415742	-19.220579
08719	0.074857	-0.033119	9.922980	0.000752	-0.000330	0.099230	-0.073805	-0.415824	-19.219552
08720	0.066016	-0.003185	9.951678	0.000662	-0.000033	0.099517	-0.072963	-0.418116	-19.220951
08721	0.054101	-0.040835	9.967078	0.000546	-0.000409	0.099671	-0.072517	-0.416787	-19.220077
08722	0.111188	-0.025987	9.968269	0.001115	-0.000259	0.099683	-0.073063	-0.417677	-19.221803
08723	0.047192	-0.018041	9.941732	0.000476	-0.000181	0.099417	-0.072533	-0.417153	-19.222653
08724	0.094575	-0.006979	9.964973	0.000949	-0.000070	0.099650	-0.071874	-0.417609	-19.222173
08725	0.060820	-0.036838	9.945053	0.000611	-0.000368	0.099451	-0.072238	-0.418364	-19.221073
08726	0.076633	-0.021957	9.955022	0.000770	-0.000219	0.099550	-0.072475	-0.418189	-19.221762
08727	0.085482	-0.018085	9.932989	0.000860	-0.000181	0.099330	-0.072596	-0.416999	-19.219907
08728	0.065060	-0.025881	9.977074	0.000655	-0.000259	0.099771	-0.072035	-0.416532	-19.220403
08729	0.073954	-0.022131	9.955042	0.000744	-0.000219	0.099550	-0.074390	-0.416190	-19.221420
08730	0.074626	0.011548	9.961698	0.000750	0.000115	0.099617	-0.073928	-0.416720	-19.220033
08731	0.091940	-0.014459	9.910981	0.000923	-0.000144	0.099110	-0.074213	-0.416550	-19.222024
08732	0.056534	-0.003458	9.951737	0.000569	-0.000034	0.099517	-0.074648	-0.416450	-19.221806
08733	0.061192	-0.026241	9.977098	0.000615	-0.000263	0.099771	-0.073740	-0.417730	-19.222301
08734	0.071769	0.011589	9.961719	0.000721	0.000116	0.099617	-0.073881	-0.418477	-19.222017
08735	0.086081	-0.007445	9.965050	0.000865	-0.000073	0.099650	-0.075159	-0.417852	-19.222259
08736	0.078526	-0.018580	9.933046	0.000789	-0.000186	0.099330	-0.074904	-0.418448	-19.223793
08737	0.079078	0.015359	9.939706	0.000796	0.000153	0.099397	-0.074006	-0.416956	-19.222657
08738	0.083490	-0.007426	9.965072	0.000839	-0.000074	0.099651	-0.074441	-0.416856	-19.222440
08739	0.051048	-0.003509	9.951766	0.000515	-0.000035	0.099518	-0.074101	-0.416452	-19.222659
08740	0.055626	-0.026298	9.977130	0.000560	-0.000263	0.099771	-0.074044	-0.417123	-19.223285
08741	0.081140	-0.007384	9.965091	0.000816	-0.000074	0.099651	-0.073654	-0.416714	-19.221988
08742	0.063689	-0.022266	9.955112	0.000642	-0.000223	0.099551	-0.072984	-0.415257	-19.220540
08743	0.082312	-0.014402	9.911066	0.000827	-0.000144	0.099111	-0.073394	-0.415197	-19.219956
08744	0.056601	0.000558	9.929762	0.000570	0.000005	0.099298	-0.072832	-0.414728	-19.220454
08745	0.087341	-0.003486	9.943095	0.000878	-0.000033	0.099431	-0.074794	-0.414115	-19.222510
08746	0.085176	-0.037473	9.936448	0.000855	-0.000375	0.099364	-0.074333	-0.414644	-19.221125
08747	0.076017	-0.007506	9.965132	0.000764	-0.000075	0.099651	-0.074156	-0.414371	-19.219886
08748	0.075188	-0.007520	9.965138	0.000756	-0.000075	0.099651	-0.074393	-0.414194	-19.220580
08749	0.057816	-0.022587	9.955148	0.000583	-0.000225	0.099551	-0.075125	-0.413213	-19.220166
08750	0.053754	-0.015513	10.009192	0.000543	-0.000155	0.100092	-0.074661	-0.411820	-19.221639
08751	0.060418	0.004193	9.907774	0.000608	0.000042	0.099078	-0.074194	-0.412341	-19.220001
08752	0.061998	-0.011490	9.987182	0.000623	-0.000115	0.099872	-0.074334	-0.413087	-19.219720
08753	0.112354	-0.007562	9.956500	0.001128	-0.000075	0.099565	-0.074644	-0.411986	-19.220693
08754	0.053719	-0.022542	9.955171	0.000540	-0.000226	0.099552	-0.073689	-0.413285	-19.220151
08755	0.079330	-0.003656	9.943162	0.000797	-0.000035	0.099432	-0.074919	-0.413513	-19.220402
08756	0.052371	-0.022724	9.955177	0.000527	-0.000227	0.099552	-0.075257	-0.414334	-19.219212
08757	0.077913	-0.003876	9.943173	0.000783	-0.000038	0.099432	-0.075682	-0.414170	-19.218108
08758	0.047752	-0.015601	10.009223	0.000481	-0.000157	0.100092	-0.074026	-0.414252	-19.218346
08759	0.076329	-0.003647	9.943186	0.000767	-0.000036	0.099432	-0.074057	-0.413977	-19.219557
08760	0.105906	-0.041319	9.949901	0.001062	-0.000414	0.099499	-0.073301	-0.415351	-19.218106
08761	0.038894	-0.026399	9.977209	0.000393	-0.000264	0.099772	-0.073119	-0.415036	-19.216267
08762	0.079368	-0.026315	9.968572	0.000799	-0.000263	0.099686	-0.073051	-0.413793	-19.215925
08763	0.081605	-0.033460	9.914543	0.000820	-0.000334	0.099145	-0.073430	-0.413702	-19.214012
08764	0.055938	-0.018588	9.933199	0.000563	-0.000186	0.099332	-0.073371	-0.414371	-19.214641
08765	0.086719	-0.022500	9.946582	0.000872	-0.000224	0.099466	-0.073867	-0.413310	-19.213721
08766	0.066280	-0.030391	9.990605	0.000666	-0.000304	0.099906	-0.073208	-0.413760	-19.213246
08767	0.085240	-0.022546	9.946595	0.000855	-0.000224	0.099466	-0.074303	-0.414857	-19.210514
08768	0.091250	-0.011578	9.978628	0.000916	-0.000116	0.099786	-0.074045	-0.415449	-19.212053
08769	0.058790	-0.007639	9.965248	0.000593	-0.000077	0.099652	-0.073119	-0.413923	-19.209436
08770	0.067690	-0.003713	9.943248	0.000681	-0.000036	0.099432	-0.074154	-0.414038	-19.210329
08771	0.057197	-0.007846	9.965257	0.000575	-0.000078	0.099653	-0.075023	-0.415012	-19.207132
08772	0.082745	0.010984	9.953285	0.000831	0.000110	0.099533	-0.075459	-0.414909	-19.206921
08773	0.055738	-0.007967	9.965265	0.000561	-0.000080	0.099653	-0.074706	-0.415296	-19.202623
08774	0.071438	0.007000	9.975299	0.000718	0.000071	0.099753	-0.075741	-0.415411	-19.203517
08775	0.064074	-0.004080	9.943272	0.000644	-0.000041	0.099433	-0.074769	-0.415751	-19.199907
08776	0.079861	0.011098	9.953308	0.000801	0.000110	0.099533	-0.073615	-0.416971	-19.200275
08777	0.062626	-0.004000	9.943281	0.000631	-0.000038	0.099433	-0.075565	-0.415420	-19.195323
08778	0.088044	0.014742	9.931322	0.000884	0.000148	0.099313	-0.076102	-0.416316	-19.193228
08779	0.044722	-0.019299	9.933254	0.000451	-0.000193	0.099333	-0.075929	-0.416963	-19.189879
08780	0.067043	0.006661	9.975330	0.000674	0.000068	0.099753	-0.077162	-0.417153	-19.189865
08781	0.091321	-0.008341	9.956715	0.000916	-0.000083	0.099567	-0.077282	-0.417891	-19.188668
08782	0.065605	0.006472	9.975339	0.000660	0.000065	0.099753	-0.077718	-0.417788	-19.188458
08783	0.074680	0.010429	9.953349	0.000750	0.000104	0.099533	-0.077237	-0.418309	-19.186163
08784	0.072554	-0.023319	9.946693	0.000731	-0.000234	0.099467	-0.076372	-0.416769	-19.185628
08785	0.078341	-0.012346	9.978737	0.000786	-0.000122	0.099787	-0.078085	-0.418097	-19.184837
08786	0.039514	-0.019616	9.933276	0.000399	-0.000198	0.099333	-0.076429	-0.418174	-19.185076
08787	0.096544	-0.004311	9.934764	0.000970	-0.000043	0.099348	-0.076644	-0.417988	-19.184872
08788	0.069544	-0.023278	9.946715	0.000699	-0.000233	0.099467	-0.075985	-0.418436	-19.184399
08789	0.047094	-0.015409	9.911294	0.000474	-0.000155	0.099113	-0.075306	-0.418880	-19.183027
08790	0.083227	-0.041900	9.950114	0.000837	-0.000419	0.099501	-0.074744	-0.418405	-19.183531
08791	0.057546	-0.027028	9.968720	0.000578	-0.000270	0.099687	-0.074967	-0.420142	-19.180471
08792	0.076399	-0.019120	9.924747	0.000770	-0.000191	0.099247	-0.074999	-0.417973	-19.181110
08793	0.050530	-0.004434	9.943350	0.000508	-0.000043	0.099433	-0.076789	-0.419369	-19.184036
08794	0.070325	-0.046123	9.972125	0.000708	-0.000462	0.099721	-0.075828	-0.418751	-19.182526
08795	0.042483	-0.015515	9.911315	0.000428	-0.000155	0.099113	-0.075892	-0.419633	-19.181258
08796	0.079954	-0.008263	9.956813	0.000803	-0.000082	0.099568	-0.076030	-0.420375	-19.180983
08797	0.066125	-0.030434	9.892731	0.000665	-0.000304	0.098927	-0.076271	-0.420108	-19.180272
08798	0.075254	-0.001231	10.010852	0.000755	-0.000012	0.100109	-0.076113	-0.421697	-19.179929
08799	0.044136	0.011102	9.863962	0.000447	0.000112	0.098640	-0.076773	-0.419787	-19.183392
08800	0.083440	0.002700	9.988882	0.000837	0.000026	0.099889	-0.076017	-0.421157	-19.181944
08801	0.054382	-0.000708	9.921397	0.000549	-0.000006	0.099214	-0.077623	-0.419575	-19.182003
08802	0.087019	-0.020309	10.014278	0.000874	-0.000203	0.100143	-0.077461	-0.419252	-19.180691
08803	0.067726	-0.019695	9.924809	0.000682	-0.000196	0.099248	-0.077948	-0.418203	-19.179220
08804	0.058249	0.010111	9.953459	0.000586	0.000101	0.099535	-0.078087	-0.418944	-19.178945
08805	0.066261	-0.019779	9.924819	0.000666	-0.000198	0.099248	-0.078024	-0.419592	-19.179433
08806	0.062172	-0.012703	9.978850	0.000626	-0.000127	0.099788	-0.078060	-0.419333	-19.181045
08807	0.087636	0.006365	9.966951	0.000880	0.000063	0.099669	-0.077583	-0.419853	-19.178992
08808	0.064085	-0.019741	9.924833	0.000644	-0.000197	0.099248	-0.077722	-0.420593	-19.178718
08809	0.076294	0.002314	9.988939	0.000768	0.000024	0.099889	-0.078452	-0.419642	-19.178608
08810	0.078890	-0.004740	9.934919	0.000792	-0.000048	0.099349	-0.077296	-0.420857	-19.178979
08811	0.068340	-0.008675	9.956899	0.000687	-0.000086	0.099569	-0.077722	-0.420708	-19.177921
08812	0.062191	0.014042	9.931519	0.000626	0.000141	0.099315	-0.077958	-0.420525	-19.178625
08813	0.056855	-0.012802	9.978882	0.000573	-0.000128	0.099789	-0.078379	-0.420360	-19.177055
08814	0.085627	-0.000842	9.912972	0.000861	-0.000009	0.099130	-0.078017	-0.419958	-19.176653
08815	0.081470	0.006301	9.967003	0.000818	0.000063	0.099670	-0.077530	-0.420449	-19.173931
08816	0.057711	-0.019812	9.924872	0.000583	-0.000198	0.099249	-0.077564	-0.418277	-19.174575
08817	0.075150	-0.020393	10.014374	0.000754	-0.000205	0.100144	-0.076764	-0.419617	-19.171088
08818	0.046335	-0.023789	9.946849	0.000467	-0.000237	0.099468	-0.077797	-0.419729	-19.171990
08819	0.077029	-0.027650	9.960362	0.000775	-0.000276	0.099604	-0.078272	-0.418683	-19.170295
08820	0.064345	-0.016037	9.902923	0.000647	-0.000160	0.099029	-0.078708	-0.418576	-19.170091
08821	0.097049	-0.035604	9.995854	0.000974	-0.000355	0.099959	-0.079898	-0.418751	-19.168182
08822	0.084401	-0.024077	9.938415	0.000849	-0.000240	0.099384	-0.080631	-0.417798	-19.168046
08823	0.067234	-0.039151	9.928327	0.000676	-0.000392	0.099283	-0.079753	-0.418124	-19.167037
08824	0.066417	-0.039184	9.928333	0.000669	-0.000391	0.099283	-0.080887	-0.417324	-19.165084
08825	0.079622	0.016743	9.999128	0.000800	0.000167	0.099991	-0.080564	-0.417873	-19.163129
08826	0.086547	-0.046993	9.963831	0.000869	-0.000470	0.099638	-0.081000	-0.417765	-19.162926
08827	0.039039	-0.024566	9.946878	0.000394	-0.000246	0.099469	-0.080885	-0.418377	-19.160106
08828	0.086252	-0.013189	9.970514	0.000866	-0.000132	0.099705	-0.081023	-0.419116	-19.159835
08829	0.090039	0.013626	9.923170	0.000905	0.000136	0.099232	-0.080427	-0.418618	-19.158280
08830	0.043135	-0.013490	9.978950	0.000436	-0.000134	0.099789	-0.080960	-0.417586	-19.159055
08831	0.062180	-0.005517	9.935038	0.000624	-0.000055	0.099350	-0.080799	-0.419130	-19.157696
08832	0.074403	0.016524	9.999168	0.000748	0.000167	0.099992	-0.082232	-0.419396	-19.156782
08833	0.085975	-0.020504	9.916525	0.000863	-0.000205	0.099165	-0.081902	-0.419883	-19.153448
08834	0.056657	0.001443	9.989070	0.000570	0.000013	0.099891	-0.080647	-0.420106	-19.151873
08835	0.069325	-0.001510	9.913100	0.000697	-0.000015	0.099131	-0.080518	-0.420726	-19.148746
08836	0.060520	-0.021202	10.014472	0.000609	-0.000212	0.100145	-0.080157	-0.420322	-19.148347
08837	0.066673	-0.035358	9.906439	0.000671	-0.000353	0.099064	-0.080570	-0.420117	-19.144997
08838	0.053461	0.001461	9.989088	0.000539	0.000015	0.099891	-0.081103	-0.419085	-19.145774
08839	0.072473	0.009589	9.945189	0.000728	0.000094	0.099452	-0.079303	-0.420068	-19.142719
08840	0.060626	-0.028147	9.960474	0.000612	-0.000281	0.099605	-0.079338	-0.417893	-19.143367
08841	0.069677	-0.024077	9.938529	0.000699	-0.000241	0.099385	-0.078559	-0.419199	-19.139554
08842	0.060174	0.005714	9.967155	0.000606	0.000058	0.099672	-0.079792	-0.419387	-19.139551
08843	0.058348	-0.028301	9.960487	0.000587	-0.000283	0.099605	-0.074782	-0.415506	-19.146513
08844	0.083800	-0.009182	9.948665	0.000841	-0.000092	0.099487	-0.074309	-0.416014	-19.145159
08845	0.092936	-0.005098	9.926725	0.000934	-0.000051	0.099267	-0.073940	-0.415534	-19.142797
08846	0.071195	-0.047093	9.963952	0.000716	-0.000470	0.099639	-0.075255	-0.414786	-19.143797
08847	0.074810	-0.020400	9.916616	0.000753	-0.000204	0.099166	-0.074946	-0.413478	-19.143030
08848	0.008403	0.027762	9.950148	0.000087	0.000278	0.099501	-0.075470	-0.414360	-19.140966
08849	0.118681	0.032017	10.001028	0.001190	0.000319	0.100010	-0.074309	-0.415530	-19.140687
08850	0.037743	-0.009753	9.957061	0.000380	-0.000096	0.099571	-0.076025	-0.416850	-19.140838
08851	0.075842	0.031500	10.009399	0.000764	0.000314	0.100094	-0.074952	-0.415206	-19.140888
08852	0.077457	-0.009396	9.948717	0.000779	-0.000093	0.099487	-0.075574	-0.415163	-19.139802
08853	0.093787	-0.043990	10.031595	0.000941	-0.000439	0.100316	-0.076443	-0.416186	-19.137265
08854	0.032993	0.005665	9.877657	0.000332	0.000057	0.098777	-0.076467	-0.417836	-19.136042
08855	0.090717	-0.028362	9.952193	0.000912	-0.000284	0.099522	-0.076197	-0.416451	-19.135866
08856	0.040321	-0.024125	9.849048	0.000407	-0.000241	0.098490	-0.075917	-0.417021	-19.137440
08857	0.088362	-0.003106	10.092311	0.000887	-0.000031	0.100923	-0.076041	-0.417689	-19.135715
08858	0.064976	-0.005061	9.837258	0.000655	-0.000050	0.098373	-0.076858	-0.415798	-19.136588
08859	0.073855	-0.025557	10.028171	0.000742	-0.000255	0.100282	-0.077871	-0.415813	-19.135233
08860	0.074944	-0.017059	9.894748	0.000753	-0.000170	0.098947	-0.078494	-0.415770	-19.134149
08861	0.088568	-0.010572	10.038327	0.000889	-0.000106	0.100383	-0.077637	-0.416136	-19.135594
08862	0.041893	-0.013372	9.881145	0.000423	-0.000134	0.098811	-0.077463	-0.415796	-19.134312
08863	0.080622	-0.021582	10.006261	0.000810	-0.000216	0.100063	-0.077491	-0.415520	-19.136151
08864	0.068119	-0.009874	9.948784	0.000686	-0.000099	0.099488	-0.076914	-0.415023	-19.136688
08865	0.063541	-0.002739	10.002803	0.000641	-0.000028	0.100028	-0.076471	-0.413582	-19.134562
08866	0.070845	0.017037	9.901463	0.000713	0.000170	0.099015	-0.076489	-0.413305	-19.136207
08867	0.085456	-0.001683	9.904943	0.000857	-0.000017	0.099049	-0.076315	-0.414912	-19.136606
08868	0.086563	-0.017379	9.984364	0.000869	-0.000174	0.099844	-0.076235	-0.415559	-19.137273
08869	0.048992	0.008851	9.945333	0.000494	0.000090	0.099453	-0.077464	-0.415713	-19.137055
08870	0.068932	-0.032595	9.974220	0.000692	-0.000327	0.099742	-0.075693	-0.416689	-19.136345
08871	0.062991	-0.009788	9.948818	0.000633	-0.000097	0.099488	-0.076839	-0.417704	-19.134649
08872	0.046829	0.008816	9.945343	0.000474	0.000088	0.099453	-0.076861	-0.415513	-19.135326
08873	0.077486	0.005084	9.958989	0.000778	0.000052	0.099590	-0.078598	-0.416822	-19.136359
08874	0.055163	0.012708	9.923427	0.000556	0.000125	0.099234	-0.076630	-0.415807	-19.135589
08875	0.079629	-0.001894	9.904992	0.000799	-0.000018	0.099050	-0.077773	-0.416858	-19.134884
08876	0.076885	-0.010628	10.038423	0.000773	-0.000107	0.100384	-0.077398	-0.416438	-19.134512
08877	0.061917	-0.017060	9.894839	0.000623	-0.000171	0.098948	-0.076954	-0.416870	-19.133214
08878	0.051313	-0.020930	9.916764	0.000516	-0.000211	0.099168	-0.075184	-0.417845	-19.132504
08879	0.103663	-0.031946	9.966000	0.001041	-0.000319	0.099660	-0.075214	-0.417563	-19.134937
08880	0.087637	-0.013297	9.962518	0.000880	-0.000132	0.099625	-0.075740	-0.418443	-19.132877
08881	0.075308	-0.001685	9.905026	0.000757	-0.000017	0.099050	-0.075573	-0.418066	-19.131221
08882	0.066145	-0.021444	10.006368	0.000666	-0.000214	0.100064	-0.075590	-0.417787	-19.132869
08883	0.057373	-0.016901	9.894866	0.000579	-0.000168	0.098949	-0.076094	-0.416768	-19.133706
08884	0.058966	0.001298	9.980968	0.000594	0.000012	0.099810	-0.074923	-0.416049	-19.133136
08885	0.096171	-0.050164	9.879954	0.000966	-0.000501	0.098800	-0.075548	-0.416027	-19.132744
08886	0.056941	-0.008073	9.761457	0.000573	-0.000082	0.097615	-0.073673	-0.415998	-19.133924
08887	0.070020	0.042649	10.484205	0.000701	0.000428	0.104842	-0.075404	-0.419214	-19.135928
08888	0.042391	-0.064454	9.690600	0.000430	-0.000643	0.096906	-0.077131	-0.416709	-19.134147
08889	0.088746	0.006468	9.861248	0.000891	0.000061	0.098612	-0.072748	-0.416705	-19.132788
08890	0.027325	0.022358	9.700463	0.000275	0.000225	0.097005	-0.074754	-0.419091	-19.133987
08891	0.184652	0.008529	10.640294	0.001850	0.000087	0.106403	-0.076729	-0.419533	-19.132114
08892	0.029851	-0.044128	9.499682	0.000306	-0.000443	0.094997	-0.074763	-0.414675	-19.133245
08893	0.000944	0.021176	9.798293	0.000012	0.000211	0.097983	-0.073263	-0.416685	-19.132217
08894	0.070001	-0.048708	10.143354	0.000700	-0.000485	0.101434	-0.075074	-0.420920	-19.131457
08895	0.104017	-0.000369	10.249832	0.001048	-0.000004	0.102498	-0.075085	-0.416810	-19.130389
08896	0.041423	-0.003571	9.649984	0.000420	-0.000037	0.096500	-0.073517	-0.414020	-19.130671
08897	0.094515	0.019137	9.705976	0.000947	0.000193	0.097060	-0.075906	-0.416545	-19.129059
08898	0.158949	0.015307	10.251849	0.001592	0.000152	0.102518	-0.074729	-0.417737	-19.129461
08899	0.040252	-0.043687	9.942253	0.000408	-0.000438	0.099423	-0.073839	-0.416114	-19.127288
08900	0.012570	-0.013375	9.881226	0.000129	-0.000133	0.098812	-0.074553	-0.417056	-19.128159
08901	0.053609	-0.012950	9.873033	0.000537	-0.000129	0.098730	-0.075443	-0.420022	-19.129250
08902	0.090047	-0.029674	10.131686	0.000904	-0.000298	0.101317	-0.074176	-0.420226	-19.127703
08903	0.077546	-0.027413	9.854656	0.000780	-0.000274	0.098547	-0.073868	-0.418877	-19.127167
08904	0.129570	-0.038500	9.903999	0.001300	-0.000384	0.099040	-0.074590	-0.417907	-19.127069
08905	0.078088	-0.009501	9.940770	0.000785	-0.000094	0.099408	-0.075950	-0.418206	-19.124568
08906	0.052653	-0.044581	10.031893	0.000531	-0.000446	0.100319	-0.075576	-0.417783	-19.124201
08907	0.039494	-0.066833	9.967694	0.000399	-0.000668	0.099677	-0.075970	-0.417713	-19.123874
08908	0.087905	0.012505	10.004994	0.000884	0.000126	0.100050	-0.076693	-0.416742	-19.123778
08909	0.094753	-0.001585	9.897002	0.000951	-0.000016	0.098970	-0.075993	-0.417199	-19.122934
08910	0.058666	0.008931	9.937276	0.000591	0.000090	0.099373	-0.076415	-0.417074	-19.122767
08911	0.042564	0.027622	9.933754	0.000429	0.000276	0.099338	-0.075487	-0.417472	-19.122153
08912	0.092500	-0.001565	9.897024	0.000929	-0.000015	0.098970	-0.076501	-0.417567	-19.123097
08913	0.051823	-0.017894	9.984604	0.000521	-0.000180	0.099846	-0.075256	-0.418814	-19.121852
08914	0.036614	0.034613	9.987761	0.000370	0.000347	0.099878	-0.076474	-0.418988	-19.121886
08915	0.070307	-0.009904	9.940828	0.000708	-0.000099	0.099408	-0.076944	-0.417980	-19.121701
08916	0.125707	0.021678	9.863484	0.001260	0.000216	0.098635	-0.075969	-0.419248	-19.121194
08917	0.085853	0.039277	9.957737	0.000862	0.000393	0.099577	-0.075824	-0.419953	-19.120786
08918	0.058171	-0.013892	9.962732	0.000586	-0.000139	0.099627	-0.075839	-0.419670	-19.122440
08919	0.037374	-0.022009	10.006515	0.000377	-0.000221	0.100065	-0.074905	-0.420101	-19.122657
08920	0.051321	0.008851	9.937317	0.000517	0.000090	0.099373	-0.076325	-0.420354	-19.121783
08921	0.035834	-0.022160	10.006520	0.000363	-0.000222	0.100065	-0.075715	-0.419864	-19.121680
08922	0.121743	-0.027941	9.936278	0.001223	-0.000278	0.099363	-0.076943	-0.418126	-19.120746
08923	0.059418	0.046609	9.922129	0.000598	0.000465	0.099221	-0.075999	-0.418602	-19.121508
08924	0.119418	0.021627	9.863562	0.001198	0.000217	0.098636	-0.076421	-0.418476	-19.121344
08925	0.042490	-0.018289	9.984647	0.000428	-0.000182	0.099846	-0.077276	-0.419585	-19.121104
08926	0.058507	-0.052852	10.067614	0.000590	-0.000527	0.100676	-0.078590	-0.418833	-19.122121
08927	0.044691	-0.025631	9.930660	0.000452	-0.000256	0.099307	-0.078283	-0.417540	-19.123108
08928	0.069991	-0.006307	9.919014	0.000703	-0.000063	0.099190	-0.078404	-0.418260	-19.122874
08929	0.074571	-0.029018	9.944446	0.000750	-0.000291	0.099444	-0.077785	-0.417840	-19.123889
08930	0.101271	-0.025417	10.012228	0.001017	-0.000254	0.100122	-0.078411	-0.417793	-19.122816
08931	0.087727	0.001849	9.875272	0.000881	0.000018	0.098753	-0.078317	-0.418448	-19.123849
08932	0.041615	0.008161	9.937363	0.000419	0.000082	0.099374	-0.078437	-0.419168	-19.123615
08933	0.035527	-0.052545	9.977984	0.000359	-0.000526	0.099780	-0.078126	-0.419775	-19.125692
08934	0.053062	-0.019159	10.074334	0.000534	-0.000191	0.100743	-0.078247	-0.420495	-19.125459
08935	0.106446	-0.005714	9.910965	0.001068	-0.000057	0.099110	-0.078622	-0.420388	-19.124081
08936	0.074235	-0.002342	9.897177	0.000746	-0.000024	0.098972	-0.078335	-0.420948	-19.125668
08937	0.064193	0.027341	9.925745	0.000646	0.000274	0.099257	-0.079344	-0.420989	-19.126006
08938	0.084887	0.019804	9.961424	0.000852	0.000198	0.099614	-0.078670	-0.421408	-19.125572
08939	0.051994	-0.010554	9.940940	0.000524	-0.000106	0.099409	-0.077750	-0.421750	-19.124810
08940	0.040471	-0.048453	9.956129	0.000409	-0.000485	0.099561	-0.077582	-0.421403	-19.123537
08941	0.056481	0.000716	9.973067	0.000568	0.000007	0.099731	-0.076894	-0.421830	-19.123390
08942	0.071876	0.015996	9.983319	0.000722	0.000160	0.099833	-0.077014	-0.422549	-19.123157
08943	0.094533	-0.016723	9.878907	0.000949	-0.000167	0.098789	-0.077407	-0.422401	-19.121986
08944	0.074454	0.008971	9.929340	0.000747	0.000089	0.099293	-0.076227	-0.423586	-19.122391
08945	0.101232	0.012628	9.997150	0.001016	0.000127	0.099971	-0.077238	-0.423637	-19.123367
08946	0.058200	-0.021986	9.998520	0.000587	-0.000221	0.099985	-0.076072	-0.422910	-19.122804
08947	0.020429	0.004216	9.959270	0.000209	0.000042	0.099593	-0.075771	-0.421572	-19.123396
08948	0.064425	-0.035844	9.890555	0.000648	-0.000359	0.098906	-0.075097	-0.421990	-19.122963
08949	0.085804	-0.009346	9.932939	0.000862	-0.000094	0.099329	-0.074399	-0.422408	-19.122275
08950	0.059589	0.005191	9.951239	0.000600	0.000052	0.099512	-0.074413	-0.422121	-19.123935
08951	0.068303	-0.024554	9.922692	0.000686	-0.000246	0.099227	-0.074227	-0.423641	-19.123609
08952	0.042179	-0.010050	9.940987	0.000426	-0.000101	0.099410	-0.074059	-0.423293	-19.122337
08953	0.084274	-0.024876	10.012387	0.000846	-0.000250	0.100124	-0.072866	-0.424455	-19.122759
08954	0.072175	-0.013296	9.954831	0.000726	-0.000132	0.099548	-0.073977	-0.423622	-19.124694
08955	0.043791	-0.017011	9.887011	0.000443	-0.000171	0.098870	-0.073099	-0.422006	-19.123662
08956	0.090445	-0.005029	9.911124	0.000908	-0.000050	0.099111	-0.073219	-0.422724	-19.123432
08957	0.075585	-0.002193	9.986975	0.000760	-0.000022	0.099870	-0.073659	-0.422529	-19.123904
08958	0.058778	-0.017452	9.976713	0.000591	-0.000175	0.099767	-0.072985	-0.422946	-19.123473
08959	0.046057	-0.039730	9.912464	0.000465	-0.000397	0.099125	-0.073399	-0.422772	-19.123027
08960	0.087373	-0.005060	9.911152	0.000878	-0.000051	0.099111	-0.072823	-0.422263	-19.123578
08961	0.046403	-0.021683	9.998582	0.000467	-0.000215	0.099986	-0.074496	-0.423514	-19.121484
08962	0.092139	0.005965	9.943290	0.000924	0.000058	0.099433	-0.072807	-0.425463	-19.122731
08963	0.052713	-0.069570	9.883934	0.000532	-0.000695	0.098839	-0.074022	-0.423687	-19.121124
08964	0.081641	-0.013885	10.044584	0.000820	-0.000140	0.100446	-0.073143	-0.424023	-19.121604
08965	0.067712	-0.020442	9.900906	0.000681	-0.000204	0.099009	-0.073550	-0.423876	-19.121084
08966	0.062347	-0.047364	9.948205	0.000626	-0.000473	0.099482	-0.073777	-0.425599	-19.118962
08967	0.079409	-0.014009	10.044602	0.000800	-0.000139	0.100446	-0.074398	-0.423559	-19.120408
08968	0.075317	-0.016374	9.879072	0.000758	-0.000165	0.098791	-0.072643	-0.422607	-19.118735
08969	0.066208	-0.002297	9.987042	0.000666	-0.000022	0.099870	-0.073640	-0.422621	-19.118014
08970	0.042379	-0.013075	9.865206	0.000426	-0.000131	0.098652	-0.073073	-0.424043	-19.115691
08971	0.096397	-0.005615	10.000930	0.000967	-0.000056	0.100009	-0.073172	-0.424753	-19.114945
08972	0.030959	-0.017180	9.887059	0.000314	-0.000172	0.098871	-0.072801	-0.424323	-19.114587
08973	0.073515	0.001837	9.965213	0.000738	0.000019	0.099652	-0.072909	-0.425006	-19.113817
08974	0.084057	-0.009788	10.022797	0.000845	-0.000097	0.100228	-0.073332	-0.424876	-19.113661
08975	0.087919	0.017159	9.975514	0.000884	0.000170	0.099755	-0.071758	-0.423881	-19.113611
08976	0.053787	0.002306	9.875515	0.000542	0.000024	0.098755	-0.072894	-0.423067	-19.111706
08977	0.058345	-0.020531	9.900966	0.000587	-0.000205	0.099010	-0.073016	-0.423735	-19.111464
08978	0.043379	-0.017561	9.976792	0.000438	-0.000177	0.099768	-0.071548	-0.423848	-19.110832
08979	0.100088	-0.001230	9.979147	0.001005	-0.000013	0.099791	-0.070965	-0.423340	-19.111907
08980	0.046462	0.009477	9.929509	0.000469	0.000095	0.099295	-0.071182	-0.423130	-19.112663
08981	0.071271	-0.005039	9.911281	0.000716	-0.000050	0.099113	-0.071898	-0.424016	-19.113812
08982	0.066271	0.001902	9.965264	0.000668	0.000019	0.099653	-0.071830	-0.422738	-19.113527
08983	0.049925	0.020423	9.961659	0.000503	0.000205	0.099617	-0.072228	-0.422611	-19.113078
08984	0.058644	-0.009332	9.933136	0.000591	-0.000093	0.099331	-0.072063	-0.422259	-19.111811
08985	0.073376	-0.027790	9.936754	0.000737	-0.000279	0.099368	-0.070856	-0.423463	-19.112522
08986	0.063059	0.001956	9.965284	0.000635	0.000020	0.099653	-0.071582	-0.422487	-19.112440
08987	0.045720	-0.047289	9.948296	0.000461	-0.000473	0.099483	-0.071459	-0.423112	-19.112102
08988	0.055672	-0.009217	9.933153	0.000560	-0.000093	0.099332	-0.070785	-0.423526	-19.111674
08989	0.076306	-0.016562	9.968916	0.000766	-0.000166	0.099689	-0.070681	-0.424106	-19.111350
08990	0.075648	-0.016594	9.968921	0.000760	-0.000166	0.099689	-0.071006	-0.424901	-19.110213
08991	0.084935	-0.012491	9.947094	0.000854	-0.000125	0.099471	-0.071142	-0.423648	-19.108666
08992	0.042419	-0.013460	9.955002	0.000429	-0.000134	0.099550	-0.071457	-0.422510	-19.110407
