// Start Time: Unknown
// Update Rate: 100.0Hz
// Filter Profile: human (46.1)
// Firmware Version: 4.3.5
PacketCounter	Acc_X	Acc_Y	Acc_Z	Gyr_X	Gyr_Y	Gyr_Z	Roll	Pitch	Yaw
48864	9.829889	-1.160386	0.717723	-0.008106	0.005644	-0.009889	-58.797417	-82.147848	-9.995116
48865	9.801258	-1.145919	0.731273	-0.011903	-0.000459	-0.006957	-58.790889	-82.151393	-10.008591
48866	9.774423	-1.112515	0.729185	-0.013549	0.002333	-0.012771	-58.773249	-82.157294	-10.034226
48867	9.784218	-1.142470	0.692828	-0.007168	0.003881	-0.007990	-58.746311	-82.160055	-10.065564
48868	9.767045	-1.140135	0.654458	-0.007243	0.002046	-0.007334	-58.726817	-82.163075	-10.089421
48869	9.789204	-1.156497	0.675043	-0.004838	0.005134	-0.008178	-58.693640	-82.165551	-10.125709
48870	9.794141	-1.171030	0.657155	-0.003366	0.003749	-0.010971	-58.658970	-82.169932	-10.162661
48871	9.794239	-1.170020	0.657508	-0.004608	0.004403	-0.010195	-58.623830	-82.173607	-10.200797
48872	9.775335	-1.186172	0.634810	-0.003291	0.005583	-0.011625	-58.583462	-82.177788	-10.243501
48873	9.789555	-1.152645	0.676539	-0.007242	0.002043	-0.007334	-58.564390	-82.180763	-10.266940
48874	9.791420	-1.133072	0.660848	-0.002497	-0.006082	-0.008470	-58.575042	-82.186915	-10.257743
48875	9.789758	-1.151345	0.675810	-0.009950	-0.002153	-0.003817	-58.580105	-82.189425	-10.258387
48876	9.796458	-1.147325	0.642047	-0.006937	0.003147	-0.010005	-58.558855	-82.193776	-10.283994
48877	9.812038	-1.166838	0.696249	-0.003440	0.001912	-0.010314	-58.531509	-82.198246	-10.313584
48878	9.812135	-1.165860	0.696512	-0.004608	0.004401	-0.010193	-58.506660	-82.202394	-10.341524
48879	9.813976	-1.146055	0.681458	-0.004607	0.004400	-0.010193	-58.471307	-82.206056	-10.379872
48880	9.795071	-1.162294	0.658801	-0.005775	0.006889	-0.010072	-58.439764	-82.209357	-10.415267
48881	9.800053	-1.176531	0.641093	0.000512	0.005450	-0.014603	-58.387977	-82.214849	-10.467240
48882	9.773172	-1.142789	0.639697	-0.002203	0.007488	-0.011034	-58.355951	-82.218472	-10.501166
48883	9.790501	-1.143192	0.678889	0.002768	0.004870	-0.014136	-58.305855	-82.223900	-10.550127
48884	9.795491	-1.157447	0.661095	0.002232	0.004494	-0.009446	-58.289231	-82.227905	-10.566013
48885	9.788967	-1.159753	0.695113	0.002620	0.001199	-0.012826	-58.255119	-82.233794	-10.598926
48886	9.806316	-1.160329	0.733651	-0.001330	-0.002342	-0.008537	-58.270047	-82.239267	-10.585062
48887	9.808176	-1.140680	0.717900	-0.003658	-0.003598	-0.008349	-58.266551	-82.244420	-10.590705
48888	9.816329	-1.189550	0.696638	-0.000171	0.001403	-0.008603	-58.264498	-82.248348	-10.593247
48889	9.818127	-1.170034	0.681503	-0.000559	0.004697	-0.005223	-58.236425	-82.249475	-10.621899
48890	9.789424	-1.155630	0.695534	0.004634	0.007583	-0.010287	-58.210081	-82.251843	-10.646253
48891	9.802781	-1.147661	0.628816	0.000283	0.006174	-0.012583	-58.159933	-82.256105	-10.696695
48892	9.767462	-1.136540	0.676432	0.000684	0.004042	-0.005998	-58.163297	-82.257664	-10.693515
48893	9.786492	-1.118534	0.699735	-0.000011	-0.001164	-0.009966	-58.145386	-82.262868	-10.711595
48894	9.791512	-1.133071	0.681261	0.000927	-0.002922	-0.008069	-58.167559	-82.267501	-10.689081
48895	9.813732	-1.149269	0.701576	0.002159	0.002657	-0.008790	-58.137313	-82.270976	-10.718349
48896	9.785035	-1.134874	0.715354	0.006510	0.004066	-0.006493	-58.134700	-82.272822	-10.717781
48897	9.813854	-1.147659	0.702500	0.004561	0.005747	-0.009631	-58.090065	-82.275768	-10.760181
48898	9.818839	-1.162138	0.684750	0.004488	0.003912	-0.008977	-58.080374	-82.279031	-10.768465
48899	9.818930	-1.161141	0.685136	0.006975	0.002604	-0.010526	-58.043539	-82.283365	-10.801618
48900	9.820731	-1.141283	0.670353	0.007974	0.008912	-0.009230	-58.012582	-82.284788	-10.829378
48901	9.773075	-1.143809	0.661808	0.007182	0.014335	-0.012435	-57.929074	-82.286479	-10.909530
48902	9.736027	-1.150988	0.725386	0.003079	0.005959	-0.016802	-57.919214	-82.292740	-10.918366
48903	9.799639	-1.094325	0.760901	-0.006438	-0.010802	-0.014145	-57.929984	-82.302906	-10.911247
48904	9.826911	-1.125972	0.761333	-0.011145	-0.020214	-0.003206	-58.027000	-82.310077	-10.820881
48905	9.856772	-1.146529	0.622412	-0.010482	-0.002542	0.000869	-58.044166	-82.310441	-10.809665
48906	9.810734	-1.131128	0.598458	0.010962	0.027842	-0.005340	-57.948602	-82.304028	-10.900929
48907	9.717428	-1.164757	0.703497	0.032394	0.031458	-0.011106	-57.792073	-82.299850	-11.040218
48908	9.762638	-1.099115	0.826868	0.037048	-0.000196	-0.021051	-57.762997	-82.309429	-11.048800
48909	9.796642	-1.126124	0.794638	0.001971	-0.016488	-0.016890	-57.783109	-82.322680	-11.027427
48910	9.801160	-1.165811	0.666936	-0.006086	0.004586	-0.017364	-57.761009	-82.329304	-11.055242
48911	9.805413	-1.100402	0.745347	0.000048	0.005713	-0.020527	-57.694296	-82.337548	-11.122624
48912	9.858925	-1.084665	0.845129	-0.014728	-0.015765	-0.012153	-57.738486	-82.345882	-11.086428
48913	9.895591	-1.101091	0.672546	-0.025711	-0.004384	-0.007148	-57.753232	-82.350728	-11.086500
48914	9.904776	-1.157706	0.528271	-0.008475	0.030601	0.002963	-57.658720	-82.338612	-11.187903
48915	9.818046	-1.188171	0.601074	0.030747	0.060990	-0.017345	-57.382899	-82.328278	-11.448543
48916	9.771489	-1.066301	0.786285	0.042154	0.041244	-0.015809	-57.197630	-82.321757	-11.610706
48917	9.762978	-1.087028	0.838754	0.017273	0.020157	-0.009908	-57.093155	-82.320296	-11.706231
48918	9.789566	-1.144343	0.733860	0.003380	0.014444	-0.009453	-57.037335	-82.319527	-11.761439
48919	9.794562	-1.158447	0.717582	0.011126	0.024072	-0.016656	-56.907040	-82.320055	-11.886580
48920	9.764053	-1.162009	0.748572	0.017983	0.017950	-0.015950	-56.820884	-82.321568	-11.965826
48921	9.787974	-1.158576	0.754802	0.007373	0.005516	-0.013837	-56.765588	-82.326541	-12.017498
48922	9.815188	-1.189796	0.757536	0.011338	0.004003	-0.008210	-56.727202	-82.326209	-12.049871
48923	9.859561	-1.150847	0.771668	0.006772	0.023829	-0.008997	-56.618210	-82.323078	-12.156072
48924	9.818527	-1.150447	0.730509	0.011047	0.023412	-0.006039	-56.517768	-82.313929	-12.248596
48925	9.789589	-1.136184	0.746129	0.007711	0.022073	-0.007097	-56.418893	-82.310371	-12.344004
48926	9.780866	-1.111834	0.660635	0.013304	0.022834	-0.005564	-56.359354	-82.303716	-12.398274
48927	9.799592	-1.093804	0.686123	0.020308	0.020375	-0.006163	-56.262249	-82.300247	-12.484635
48928	9.816609	-1.094341	0.727031	0.021867	0.020813	-0.009603	-56.170662	-82.295827	-12.566599
48929	9.794435	-1.076447	0.709074	0.025041	0.024709	-0.007179	-56.053546	-82.291429	-12.670442
48930	9.792640	-1.094431	0.726701	0.020331	0.014142	-0.006208	-55.980292	-82.287215	-12.733394
48931	9.792616	-1.093727	0.728085	0.013347	0.010374	-0.005661	-55.923726	-82.286651	-12.782903
48932	9.794197	-1.146180	0.741846	0.010946	0.007289	-0.004823	-55.906734	-82.285342	-12.794950
48933	9.780440	-1.178636	0.701454	0.010542	0.010588	-0.001449	-55.861292	-82.282715	-12.834860
48934	9.829747	-1.155809	0.697270	0.013953	0.013751	-0.001042	-55.843077	-82.278042	-12.847931
48935	9.822855	-1.158872	0.732839	0.004913	0.022265	-0.002889	-55.757108	-82.272353	-12.932025
48936	9.764815	-1.157705	0.653236	-0.005538	0.033996	-0.002608	-55.659345	-82.259167	-13.030369
48937	9.729058	-1.120738	0.811805	-0.002471	0.026820	-0.008879	-55.547861	-82.254779	-13.144426
48938	9.788652	-1.102424	0.879096	-0.012540	-0.016966	-0.001095	-55.683206	-82.261130	-13.018938
48939	9.899488	-1.069412	0.813689	-0.026492	-0.030719	-0.000059	-55.807760	-82.271206	-12.908712
48940	9.889093	-1.163002	0.659357	-0.017750	0.006871	0.003496	-55.798738	-82.263506	-12.926202
48941	9.790365	-1.136124	0.644427	0.018319	0.040682	-0.009138	-55.626864	-82.254818	-13.089194
48942	9.759815	-1.042025	0.757483	0.021388	0.033505	-0.015409	-55.465283	-82.248267	-13.240011
48943	9.798963	-0.987180	0.791011	-0.008115	0.018004	-0.009809	-55.385818	-82.247146	-13.325028
48944	9.836191	-1.049799	0.758949	-0.024785	0.026777	-0.005731	-55.331938	-82.240018	-13.391315
48945	9.805400	-1.080712	0.682081	-0.016513	0.044143	-0.007587	-55.172870	-82.229283	-13.561493
48946	9.743844	-1.090669	0.743400	-0.016583	0.042308	-0.006929	-55.012879	-82.215829	-13.728028
48947	9.718101	-1.110962	0.756753	-0.023678	0.022452	-0.005191	-54.938519	-82.210956	-13.816807
48948	9.775831	-1.137961	0.731940	-0.032375	0.014587	0.000088	-54.958793	-82.208060	-13.819175
48949	9.785964	-1.168946	0.696694	-0.027474	0.016360	-0.002279	-54.915262	-82.203859	-13.879073
48950	9.782531	-1.134499	0.700881	-0.027081	0.019276	-0.005599	-54.921969	-82.200887	-13.885545
48951	9.813155	-1.128787	0.673959	-0.027005	0.021098	-0.006249	-54.853336	-82.197002	-13.970469
48952	9.802833	-1.097489	0.712062	-0.028083	0.019186	-0.006841	-54.808520	-82.193221	-14.031965
48953	9.789214	-1.129759	0.672489	-0.025771	0.026649	-0.006955	-54.718661	-82.187803	-14.137596
48954	9.765351	-1.130862	0.669690	-0.022712	0.025704	-0.013175	-54.633037	-82.186496	-14.242858
48955	9.777043	-1.115780	0.729137	-0.015726	0.029470	-0.013698	-54.511661	-82.183257	-14.374552
48956	9.771872	-1.099011	0.749648	-0.018795	0.021185	-0.016845	-54.436099	-82.181941	-14.454445
48957	9.795701	-1.095623	0.756454	-0.021196	0.018097	-0.016018	-54.350877	-82.183490	-14.552719
48958	9.775351	-1.130355	0.749910	-0.016520	0.014400	-0.016428	-54.331276	-82.186401	-14.576133
48959	9.775438	-1.128893	0.750987	-0.010840	0.010787	-0.015593	-54.266303	-82.190172	-14.647909
48960	9.785879	-1.158252	0.715490	-0.014340	0.012001	-0.015299	-54.264936	-82.196839	-14.664057
48961	9.804539	-1.139630	0.740262	-0.022610	0.021288	-0.013878	-54.175810	-82.196330	-14.767083
48962	9.763905	-1.138819	0.698475	-0.031712	0.027932	-0.015066	-54.129657	-82.195965	-14.833858
48963	9.794650	-1.132126	0.672221	-0.040867	0.026537	-0.015671	-54.029410	-82.194519	-14.958679
48964	9.818472	-1.128798	0.679175	-0.042849	0.020156	-0.018228	-53.982322	-82.198239	-15.038528
48965	9.837126	-1.109816	0.704231	-0.044700	0.023631	-0.022013	-53.878633	-82.200694	-15.169100
48966	9.830211	-1.111375	0.739870	-0.047799	0.027751	-0.025027	-53.826332	-82.203747	-15.245562
48967	9.806509	-1.111262	0.736756	-0.052446	0.025213	-0.024679	-53.715599	-82.206860	-15.387668
48968	9.818816	-1.121044	0.686995	-0.053786	0.030222	-0.023180	-53.681544	-82.208570	-15.446382
48969	9.811830	-1.122841	0.723066	-0.049450	0.031634	-0.020850	-53.557639	-82.207697	-15.599976
48970	9.753792	-1.094251	0.751953	-0.039721	0.033393	-0.024908	-53.483633	-82.212298	-15.705366
48971	9.724787	-1.078851	0.767648	-0.046691	0.029588	-0.024397	-53.356630	-82.213732	-15.860564
48972	9.772409	-1.073044	0.779674	-0.047036	0.014250	-0.021252	-53.359778	-82.222833	-15.892249
48973	9.812119	-1.115324	0.730731	-0.049680	0.011875	-0.018419	-53.309457	-82.227595	-15.971837
48974	9.799006	-1.146599	0.689509	-0.052498	0.012049	-0.014213	-53.356519	-82.230368	-15.944378
48975	9.792027	-1.149381	0.723532	-0.066463	0.010637	-0.013116	-53.333937	-82.233119	-16.005570
48976	9.826424	-1.177262	0.692392	-0.073777	0.011915	-0.009858	-53.344559	-82.230510	-16.026587
48977	9.784198	-1.195977	0.664163	-0.055478	0.014738	-0.008615	-53.313095	-82.229748	-16.090276
48978	9.758688	-1.216029	0.675414	-0.042957	0.022549	-0.016776	-53.304247	-82.229489	-16.113420
48979	9.748143	-1.184113	0.713865	-0.021991	0.021563	-0.018456	-53.206359	-82.230885	-16.224693
48980	9.801061	-1.193748	0.707552	-0.023211	0.016000	-0.017779	-53.252408	-82.235503	-16.182686
48981	9.835556	-1.220444	0.677627	-0.021736	0.020832	-0.020469	-53.152776	-82.238085	-16.295484
48982	9.842724	-1.214797	0.646304	-0.016117	0.029646	-0.019451	-53.093990	-82.236531	-16.357991
48983	9.811902	-1.218767	0.677433	-0.016040	0.031465	-0.020088	-52.956665	-82.235226	-16.505477
48984	9.772184	-1.173209	0.729879	-0.015683	0.026366	-0.022843	-52.859216	-82.234330	-16.608418
48985	9.777648	-1.185821	0.714135	-0.011127	0.030299	-0.031745	-52.693083	-82.238633	-16.782100
48986	9.796194	-1.165759	0.740405	-0.018344	0.027201	-0.029236	-52.670309	-82.244089	-16.806778
48987	9.782052	-1.171106	0.809458	-0.026112	0.017528	-0.022156	-52.580561	-82.248428	-16.911962
48988	9.794706	-1.180584	0.758526	-0.030976	0.009508	-0.019915	-52.634888	-82.251472	-16.854886
48989	9.797869	-1.184470	0.635659	-0.016257	0.025958	-0.018153	-52.522182	-82.251023	-16.977365
48990	9.779513	-1.199575	0.615888	0.012127	0.053981	-0.024550	-52.372325	-82.241457	-17.111430
48991	9.692586	-1.185724	0.781101	0.026257	0.041880	-0.035781	-52.137624	-82.243307	-17.332338
48992	9.769746	-1.147421	0.875536	0.010361	0.013673	-0.036987	-52.102196	-82.257419	-17.363213
48993	9.779091	-1.193349	0.855618	-0.020026	0.020062	-0.033846	-51.971585	-82.266003	-17.505825
48994	9.768188	-1.203400	0.800610	-0.012837	0.029339	-0.036234	-51.910246	-82.274829	-17.579334
48995	9.777774	-1.205652	0.875138	-0.012763	0.016954	-0.036443	-51.779309	-82.285663	-17.718076
48996	9.854536	-1.139329	0.846253	-0.015005	0.000086	-0.027285	-51.824875	-82.303217	-17.694540
48997	9.916479	-1.168394	0.696683	-0.009295	0.018737	-0.027414	-51.709705	-82.309398	-17.815482
48998	9.889012	-1.176760	0.604503	0.023821	0.059150	-0.035252	-51.512327	-82.307059	-18.004057
48999	9.812426	-1.120123	0.707910	0.043355	0.078797	-0.044357	-51.123453	-82.299225	-18.370814
49000	9.850502	-1.018420	0.841688	0.025796	0.068660	-0.041840	-50.834353	-82.291130	-18.646764
49001	9.821129	-1.001325	0.861068	-0.001091	0.059623	-0.038601	-50.550456	-82.287162	-18.933282
49002	9.833774	-1.009419	0.815090	-0.016353	0.061758	-0.027473	-50.402244	-82.279496	-19.091321
49003	9.793468	-1.007101	0.776545	-0.000019	0.058300	-0.028764	-50.149927	-82.271435	-19.345375
49004	9.804495	-1.034275	0.745365	0.016766	0.051581	-0.033447	-49.944267	-82.265073	-19.537161
49005	9.830229	-1.081778	0.768055	0.018290	0.050208	-0.036223	-49.688072	-82.262980	-19.784509
49006	9.861231	-1.071942	0.746155	0.002444	0.072518	-0.039272	-49.400257	-82.256997	-20.090169
49007	9.819221	-1.087973	0.725094	-0.019363	0.095878	-0.031939	-49.032619	-82.235644	-20.471901
49008	9.760425	-1.131892	0.787290	-0.025508	0.099446	-0.020164	-48.845180	-82.211991	-20.671648
49009	9.724911	-1.102331	0.826729	-0.006751	0.075573	-0.012701	-48.592115	-82.189645	-20.930437
49010	9.687910	-1.164542	0.906678	0.027028	0.055103	-0.005622	-48.483992	-82.173783	-21.022433
49011	9.683907	-1.201608	0.942440	0.066360	0.044809	-0.006026	-48.305657	-82.160107	-21.163543
49012	9.688634	-1.243561	1.050482	0.091390	0.041279	-0.011859	-48.154955	-82.145398	-21.249216
49013	9.713910	-1.220106	1.045411	0.106646	0.027926	-0.013172	-47.986793	-82.141090	-21.356676
49014	9.786669	-1.191890	1.050464	0.115244	0.018000	-0.016578	-47.850885	-82.140504	-21.435523
49015	9.824385	-1.135185	1.086020	0.113095	0.020302	-0.017685	-47.689792	-82.140971	-21.532186
49016	9.890346	-1.082384	1.003507	0.099472	0.034027	-0.019780	-47.574223	-82.136223	-21.586994
49017	9.891602	-0.988981	0.965951	0.083112	0.056395	-0.010330	-47.341336	-82.119553	-21.773456
49018	9.869265	-0.970858	0.951696	0.056971	0.064181	-0.005049	-47.124359	-82.091471	-21.956452
49019	9.828943	-0.971425	0.913578	0.050397	0.058771	0.009882	-46.961516	-82.065180	-22.091111
49020	9.712165	-1.035993	0.904089	0.068294	0.053915	0.005930	-46.955806	-82.044934	-22.039287
49021	9.684954	-1.012550	1.011756	0.081084	0.021550	0.006575	-46.879855	-82.034606	-22.068371
49022	9.748156	-1.009112	1.063480	0.075736	-0.010071	0.004535	-46.914739	-82.038907	-22.003600
49023	9.884847	-1.015937	0.916054	0.062566	0.000413	-0.001012	-46.891317	-82.040059	-21.990480
49024	9.852864	-1.084310	0.868690	0.058691	0.044191	-0.008088	-46.832616	-82.028061	-22.006630
49025	9.807069	-1.068483	0.848086	0.064847	0.065587	-0.011524	-46.585373	-82.008037	-22.218147
49026	9.777640	-0.990111	0.945350	0.060129	0.061229	-0.010583	-46.426181	-81.992616	-22.353475
49027	9.749863	-1.029033	0.975499	0.058727	0.028704	0.001005	-46.328394	-81.981859	-22.417694
49028	9.753435	-0.990719	0.947277	0.071868	0.011534	-0.001408	-46.266405	-81.976394	-22.441181
49029	9.719766	-1.077850	0.914816	0.092429	0.015109	-0.008023	-46.163810	-81.974730	-22.490808
49030	9.700025	-1.112457	0.909269	0.102306	0.018624	-0.012593	-46.081198	-81.973698	-22.515847
49031	9.653269	-1.122413	1.006878	0.105401	0.015814	-0.018096	-45.940940	-81.975903	-22.596030
49032	9.690829	-1.065525	1.040896	0.092356	0.006535	-0.015325	-45.850836	-81.976949	-22.631814
49033	9.724649	-1.046714	1.104790	0.078673	-0.003048	-0.007895	-45.809506	-81.982442	-22.627564
49034	9.785622	-1.052364	1.065032	0.088515	-0.007499	-0.011881	-45.787715	-81.988635	-22.602767
49035	9.834929	-1.026891	1.061326	0.099821	-0.002324	-0.009924	-45.726389	-81.994674	-22.606478
49036	9.793611	-1.044991	1.033079	0.106827	0.001393	-0.010335	-45.653785	-81.994567	-22.611421
49037	9.828819	-0.999780	0.975209	0.111903	-0.001246	-0.013312	-45.572398	-82.001537	-22.628388
49038	9.799429	-0.984358	0.988920	0.109154	0.008706	-0.010392	-45.483247	-82.002253	-22.662647
49039	9.798919	-0.975246	0.885147	0.107036	0.018964	-0.012141	-45.349046	-82.000621	-22.735825
49040	9.738006	-0.965273	0.928549	0.098079	0.029079	-0.014774	-45.239899	-81.998102	-22.794541
49041	9.767562	-0.911534	0.996954	0.088492	0.024801	-0.012181	-45.099782	-81.994127	-22.884478
49042	9.765575	-0.928639	1.015112	0.071034	0.011105	-0.002536	-45.057196	-81.989272	-22.883756
49043	9.769504	-0.961994	1.014362	0.059382	0.004856	-0.001812	-45.021177	-81.989137	-22.885418
49044	9.801044	-1.027683	1.016747	0.052544	0.003468	0.005890	-44.999426	-81.979403	-22.865326
49045	9.822559	-1.108687	0.962022	0.055359	0.001395	0.002403	-44.987418	-81.978918	-22.845019
49046	9.826305	-1.070868	0.931432	0.075815	0.001225	-0.002863	-44.963937	-81.977946	-22.824085
49047	9.834438	-1.073009	1.005598	0.085671	0.010814	-0.007403	-44.879275	-81.977608	-22.859613
49048	9.787102	-1.076433	0.996644	0.080574	0.019558	-0.004391	-44.840695	-81.969459	-22.838949
49049	9.841968	-1.067396	0.977209	0.080864	0.018774	-0.006381	-44.739363	-81.965457	-22.894017
49050	9.794554	-1.071282	0.968667	0.086526	0.020114	0.003183	-44.720136	-81.962588	-22.872440
49051	9.814210	-1.105277	1.008527	0.095963	0.012748	0.002584	-44.653694	-81.957481	-22.883649
49052	9.756931	-1.059586	1.019022	0.108248	0.010028	0.006448	-44.603934	-81.945251	-22.863051
49053	9.754688	-1.006288	1.006997	0.111992	0.006209	0.004908	-44.553559	-81.941840	-22.848689
49054	9.825533	-0.998041	1.025025	0.094443	-0.006781	-0.001919	-44.563710	-81.937396	-22.756440
49055	9.837486	-1.100212	1.020372	0.079037	0.003679	0.008303	-44.549249	-81.933599	-22.724712
49056	9.803908	-1.189271	0.989949	0.101226	0.018459	0.006946	-44.462257	-81.920865	-22.756344
49057	9.748393	-1.125267	0.985612	0.114079	0.028276	0.006172	-44.351885	-81.907855	-22.801241
49058	9.779571	-1.053815	1.037389	0.114264	0.017725	0.005532	-44.316025	-81.896856	-22.761374
49059	9.740038	-1.126989	1.025519	0.101834	0.015615	0.011598	-44.264381	-81.886856	-22.754001
49060	9.759434	-1.090550	1.034786	0.119723	-0.000448	0.017824	-44.292125	-81.876443	-22.653375
49061	9.768981	-1.070152	0.986474	0.130415	-0.002403	0.016547	-44.288890	-81.871839	-22.580510
49062	9.818016	-1.047026	0.982776	0.143574	-0.007503	0.014480	-44.261427	-81.863254	-22.513873
49063	9.768773	-1.070261	0.988417	0.146031	-0.004565	0.013697	-44.246626	-81.860645	-22.443635
49064	9.762970	-1.124690	1.037462	0.143495	-0.010089	0.007306	-44.193294	-81.858047	-22.415491
49065	9.792544	-1.136971	1.026235	0.152867	-0.012067	-0.001131	-44.152461	-81.864434	-22.367636
49066	9.836079	-1.166728	1.070387	0.157512	-0.011504	-0.000709	-44.100798	-81.866402	-22.319905
49067	9.761217	-1.276144	1.012279	0.163190	0.010040	0.008099	-44.018697	-81.860007	-22.307784
49068	9.674524	-1.287149	1.065777	0.192706	0.010450	0.014335	-43.957790	-81.846526	-22.257526
49069	9.623443	-1.260338	1.164505	0.211288	-0.012375	0.008227	-43.910812	-81.849322	-22.182055
49070	9.657131	-1.169153	1.195062	0.224507	-0.046943	0.016460	-43.999250	-81.863972	-21.978649
49071	9.730162	-1.209973	1.117912	0.220734	-0.067119	0.020293	-44.134780	-81.884504	-21.713450
49072	9.792968	-1.198107	0.951979	0.239090	-0.062220	0.023231	-44.308547	-81.900102	-21.404031
49073	9.791088	-1.145615	0.935301	0.250993	-0.020305	0.020108	-44.296315	-81.901375	-21.270594
49074	9.747952	-1.045804	0.967260	0.264530	-0.005218	0.006670	-44.258994	-81.901067	-21.157630
49075	9.731051	-0.996629	1.126357	0.246439	-0.022842	0.004137	-44.210821	-81.909812	-21.063146
49076	9.802279	-0.986546	1.142195	0.206085	-0.039018	0.001521	-44.133360	-81.916500	-21.032775
49077	9.784856	-1.003974	1.117497	0.175866	-0.042512	0.009316	-44.195269	-81.931224	-20.867975
49078	9.779442	-0.986403	1.132172	0.171378	-0.041463	0.008284	-44.323156	-81.944802	-20.644588
49079	9.781778	-0.967755	1.112378	0.169720	-0.057734	0.013388	-44.444982	-81.964061	-20.422844
49080	9.821237	-0.962778	1.045928	0.162409	-0.069590	0.025343	-44.609769	-81.977256	-20.166724
49081	9.896985	-1.040319	0.860712	0.176597	-0.062562	0.024442	-44.774702	-81.993839	-19.897504
49082	9.929098	-0.967621	0.903529	0.201560	-0.020510	0.010888	-44.769558	-81.992255	-19.781435
49083	9.833244	-0.925804	0.973071	0.189973	0.011316	0.008199	-44.668300	-81.985269	-19.773255
49084	9.810285	-0.927663	1.076285	0.166817	0.000285	0.007186	-44.569325	-81.975575	-19.774646
49085	9.847290	-0.940145	1.031738	0.133497	-0.017357	0.012186	-44.593484	-81.978653	-19.672471
49086	9.856105	-0.991009	0.908168	0.117573	-0.013252	0.008364	-44.526761	-81.973539	-19.669531
49087	9.818362	-1.046715	0.881652	0.112789	0.011723	-0.001280	-44.440188	-81.970116	-19.691175
49088	9.813236	-0.958978	0.973565	0.108410	0.016426	-0.003791	-44.326137	-81.955043	-19.723836
49089	9.821546	-0.956824	1.048487	0.073602	0.010161	0.002282	-44.276731	-81.950768	-19.730497
49090	9.839346	-0.936781	1.072247	0.055126	0.009594	0.000013	-44.271672	-81.946487	-19.715835
49091	9.819334	-0.904145	1.034278	0.045138	0.006519	0.004619	-44.255870	-81.942785	-19.705046
49092	9.830732	-0.937767	1.001592	0.039338	0.002264	0.004401	-44.338788	-81.942906	-19.610051
49093	9.847838	-0.988232	0.952540	0.021860	0.015924	0.002311	-44.303555	-81.936310	-19.632388
49094	9.815542	-0.992212	0.877022	0.005623	0.035029	-0.000670	-44.292352	-81.924127	-19.651759
49095	9.718662	-1.020307	0.876742	-0.004884	0.056596	-0.002712	-44.144183	-81.902862	-19.803661
49096	9.684991	-1.040932	0.927236	-0.005961	0.054694	-0.003254	-44.001032	-81.879391	-19.949838
49097	9.612372	-1.065710	1.038373	-0.003733	0.032076	-0.000730	-43.927546	-81.867349	-20.025656
49098	9.673449	-1.075675	1.107798	-0.001024	0.020119	-0.002511	-43.852596	-81.852356	-20.088228
49099	9.716685	-1.036263	1.119872	-0.023190	0.010226	0.005571	-43.869101	-81.846775	-20.084333
49100	9.760023	-1.066795	1.164781	-0.030320	-0.001237	0.006943	-43.994119	-81.844355	-19.975352
49101	9.811152	-1.027456	1.140843	-0.030251	-0.013545	0.007294	-44.085982	-81.847890	-19.899398
49102	9.883491	-1.003476	1.032361	-0.040647	-0.010448	0.005782	-44.133687	-81.842367	-19.864148
49103	9.815768	-1.046977	0.909777	-0.041179	0.020321	-0.001007	-44.113450	-81.835226	-19.907708
49104	9.765051	-1.086753	1.040783	-0.036460	0.023636	-0.009944	-44.064699	-81.824796	-19.965196
49105	9.816644	-1.046073	1.124896	-0.071826	-0.001179	0.001242	-44.128218	-81.825581	-19.941837
49106	9.829568	-1.063559	0.967082	-0.102681	0.000136	0.003539	-44.218543	-81.820017	-19.904973
49107	9.759883	-1.124642	0.861818	-0.090474	0.035116	-0.002012	-44.182628	-81.807172	-19.992833
49108	9.720630	-1.128443	0.926322	-0.051336	0.036784	-0.022001	-44.053714	-81.797400	-20.150988
49109	9.737015	-1.055004	1.040330	-0.047676	0.017995	-0.030293	-43.959999	-81.802811	-20.272469
49110	9.804231	-1.010138	1.057599	-0.080927	0.011144	-0.035589	-43.991941	-81.814303	-20.285192
49111	9.829646	-1.126255	1.007856	-0.107830	0.026121	-0.037146	-43.890884	-81.819094	-20.448901
49112	9.823916	-1.106808	1.026839	-0.111986	0.042282	-0.041924	-43.775404	-81.818155	-20.642190
49113	9.806441	-1.053877	1.080131	-0.129211	0.039126	-0.044192	-43.630514	-81.820263	-20.862570
49114	9.775108	-1.054782	1.110381	-0.136325	0.033706	-0.042984	-43.550763	-81.822938	-21.024972
49115	9.777250	-1.034365	1.094243	-0.129029	0.006466	-0.042721	-43.499653	-81.837945	-21.150505
49116	9.830781	-1.042537	1.087556	-0.121329	0.002200	-0.046976	-43.459814	-81.852993	-21.262600
49117	9.850732	-1.071004	1.019746	-0.122215	0.017870	-0.049878	-43.351964	-81.866028	-21.441486
49118	9.776158	-1.041209	1.004487	-0.127095	0.032069	-0.049217	-43.257895	-81.870436	-21.606213
49119	9.788343	-1.072359	1.078485	-0.135409	0.028087	-0.039403	-43.159811	-81.875008	-21.782844
49120	9.788546	-1.070594	1.078396	-0.146098	0.000901	-0.027685	-43.217531	-81.886618	-21.828218
49121	9.806351	-1.048795	0.992983	-0.130868	-0.004152	-0.027070	-43.241589	-81.899837	-21.878871
49122	9.820430	-1.061925	0.940868	-0.110979	0.000395	-0.035483	-43.203049	-81.909732	-21.978473
49123	9.809089	-1.094315	0.900514	-0.088309	0.008930	-0.047429	-43.106262	-81.925436	-22.126543
49124	9.785905	-1.092669	0.895604	-0.105542	0.026926	-0.059305	-42.968775	-81.935339	-22.323490
49125	9.754481	-1.022001	0.892908	-0.135673	0.034149	-0.061684	-42.786607	-81.945908	-22.585178
49126	9.727014	-0.985975	0.890267	-0.172453	0.045550	-0.058457	-42.650634	-81.947317	-22.813105
49127	9.687784	-0.988598	0.954912	-0.198719	0.056418	-0.046534	-42.488448	-81.942416	-23.091059
49128	9.683524	-0.955083	1.064911	-0.209011	0.043040	-0.029862	-42.475661	-81.936296	-23.228452
49129	9.691726	-1.026429	1.170289	-0.198141	0.012452	-0.012847	-42.534329	-81.936892	-23.283023
49130	9.782495	-1.050183	1.117297	-0.168818	-0.014441	-0.002896	-42.714182	-81.938643	-23.179902
49131	9.811002	-1.150281	1.043756	-0.123769	-0.024666	-0.006602	-42.850979	-81.952431	-23.112450
49132	9.813727	-1.198628	0.949798	-0.080605	-0.009123	-0.032279	-42.963135	-81.973307	-23.053193
49133	9.843302	-1.138421	0.905701	-0.079870	0.007980	-0.046992	-42.865253	-81.989167	-23.197363
49134	9.808074	-1.104849	0.935103	-0.116435	0.023857	-0.053617	-42.753977	-81.997206	-23.373488
49135	9.818024	-1.084559	0.992883	-0.163098	0.031701	-0.045712	-42.641385	-82.002495	-23.580636
49136	9.780559	-1.071661	1.039382	-0.191650	0.033893	-0.024915	-42.652955	-81.998106	-23.681011
49137	9.778009	-1.019624	1.025309	-0.187064	0.024299	-0.006579	-42.692101	-81.991312	-23.748805
49138	9.805215	-0.982271	0.997196	-0.156001	-0.021653	0.008457	-42.892318	-81.994575	-23.639070
49139	9.847254	-1.029214	0.946126	-0.105659	-0.042990	0.000418	-43.092477	-82.013293	-23.497170
49140	9.887676	-1.092145	0.911036	-0.046174	-0.032546	-0.025505	-43.268324	-82.037815	-23.335840
49141	9.821658	-1.131454	0.890976	-0.047524	0.012549	-0.044100	-43.148085	-82.050741	-23.483800
49142	9.780852	-1.152918	0.970317	-0.091574	0.043129	-0.056155	-42.967806	-82.054244	-23.727073
49143	9.728824	-1.054104	1.038512	-0.151507	0.036293	-0.043362	-42.842448	-82.056813	-23.940363
49144	9.763913	-1.010961	0.979731	-0.193143	0.021258	-0.019068	-42.872172	-82.050707	-24.006707
49145	9.746428	-1.030237	0.955806	-0.184604	0.005277	-0.003650	-42.971907	-82.050784	-24.011830
49146	9.727109	-1.068996	0.946936	-0.137553	-0.001213	0.010110	-43.124831	-82.045117	-23.937289
49147	9.720950	-1.060164	1.068345	-0.080582	-0.025696	0.004135	-43.275287	-82.055074	-23.831015
49148	9.728106	-1.148211	1.076486	-0.035397	-0.051360	0.007396	-43.602708	-82.075896	-23.521262
49149	9.768708	-1.211863	1.039552	-0.016575	-0.060487	-0.001633	-43.800186	-82.102439	-23.330487
49150	9.758623	-1.311186	0.917075	-0.009097	-0.044874	-0.014607	-43.951076	-82.122733	-23.164776
49151	9.760230	-1.219404	0.867668	-0.005633	-0.023559	-0.032618	-43.945542	-82.146235	-23.172589
49152	9.734609	-1.166273	0.846327	-0.033371	-0.001391	-0.035556	-43.991247	-82.162826	-23.140342
49153	9.687074	-1.103207	0.910779	-0.071451	0.006581	-0.029947	-43.944834	-82.172855	-23.227482
49154	9.656042	-1.112318	1.044083	-0.074860	-0.005682	-0.021164	-44.038872	-82.182721	-23.174057
49155	9.673887	-1.093562	1.064629	-0.063406	-0.037106	-0.000777	-44.202686	-82.199119	-23.044325
49156	9.754577	-1.065724	1.027229	-0.050816	-0.056909	0.018880	-44.541414	-82.215339	-22.737939
49157	9.764256	-1.041103	0.865372	-0.013960	-0.063589	0.021889	-44.824678	-82.233230	-22.459079
49158	9.729545	-1.079077	0.812861	0.048709	-0.058560	0.005504	-45.103604	-82.257917	-22.163482
49159	9.761931	-1.077843	0.884975	0.094682	-0.086605	-0.021741	-45.267287	-82.302529	-21.942549
49160	9.829939	-1.097617	0.820094	0.053913	-0.079263	-0.038295	-45.441946	-82.346510	-21.723332
49161	9.836292	-1.103917	0.691181	-0.030153	-0.024524	-0.040291	-45.436644	-82.373594	-21.745069
49162	9.673707	-1.106768	0.741202	-0.073697	0.016809	-0.031627	-45.370919	-82.379506	-21.861935
49163	9.689870	-1.045789	0.961746	-0.084059	-0.025385	-0.003285	-45.510339	-82.391834	-21.768859
49164	9.794549	-1.021297	1.035483	-0.082895	-0.072890	0.026297	-45.993260	-82.407159	-21.306548
49165	9.903418	-1.092944	0.922220	-0.050346	-0.075445	0.043361	-46.409758	-82.419875	-20.914405
49166	9.962711	-1.123244	0.891695	0.019447	-0.047666	0.040246	-46.766500	-82.419324	-20.537253
49167	9.952365	-1.076639	0.907820	0.064335	-0.031604	0.033426	-46.952020	-82.418416	-20.311811
49168	9.954029	-1.060395	0.889130	0.077273	-0.040768	0.024691	-47.159958	-82.421638	-20.061125
49169	9.934738	-1.002830	0.726001	0.080042	-0.050295	0.005405	-47.313984	-82.439589	-19.858385
49170	9.867599	-0.972144	0.673716	0.100868	-0.045972	-0.028233	-47.419155	-82.470579	-19.699751
49171	9.762923	-1.018091	0.714105	0.098741	-0.031601	-0.047871	-47.348183	-82.503688	-19.713202
49172	9.686270	-1.028169	0.835153	0.070635	-0.031990	-0.063179	-47.344757	-82.547972	-19.697677
49173	9.643552	-1.019673	1.017722	0.015989	-0.039925	-0.053687	-47.330860	-82.586795	-19.701448
49174	9.691697	-1.010334	1.024151	-0.028033	-0.053781	-0.027724	-47.540250	-82.618658	-19.513588
49175	9.740051	-0.913776	0.983264	-0.033711	-0.060510	-0.010851	-47.752052	-82.647296	-19.318494
49176	9.755555	-0.908590	0.910479	-0.044446	-0.046881	0.006969	-48.070443	-82.663490	-19.030368
49177	9.818061	-0.899145	0.849525	-0.030522	-0.042338	0.015280	-48.301141	-82.673804	-18.814410
49178	9.862710	-0.908500	0.765897	-0.035193	-0.036888	0.014923	-48.597153	-82.680212	-18.533999
49179	9.890898	-0.941472	0.765313	-0.036739	-0.042272	0.009766	-48.816567	-82.692625	-18.333006
49180	9.947475	-0.915361	0.721736	-0.027774	-0.051914	-0.003994	-49.022943	-82.710397	-18.143007
49181	9.977602	-0.838132	0.659188	-0.048825	-0.030167	-0.013825	-49.140446	-82.728303	-18.051749
49182	9.946650	-0.907941	0.609453	-0.098378	0.011748	-0.021100	-49.142253	-82.730854	-18.110247
49183	9.912738	-0.859899	0.625084	-0.149940	0.039470	-0.011700	-49.087818	-82.721713	-18.250732
49184	9.863708	-0.884617	0.632400	-0.185910	0.038360	0.005933	-49.189242	-82.704558	-18.256311
49185	9.878033	-0.906007	0.688914	-0.192560	0.029515	0.022258	-49.292819	-82.684446	-18.262115
49186	9.849353	-0.968571	0.731084	-0.177756	0.012719	0.035132	-49.570389	-82.667176	-18.098500
49187	9.814716	-1.080735	0.713365	-0.146557	0.012572	0.027789	-49.720287	-82.650959	-18.031055
49188	9.750633	-1.114258	0.784624	-0.099492	0.002540	0.023923	-49.889669	-82.635634	-17.906228
49189	9.765303	-1.071042	0.913483	-0.082142	-0.041913	0.011368	-50.140142	-82.646616	-17.700129
49190	9.887057	-1.022278	0.902951	-0.095104	-0.073926	0.007519	-50.541276	-82.665207	-17.323857
49191	9.857942	-1.050153	0.709445	-0.103734	-0.046274	0.008929	-50.814258	-82.678527	-17.107496
49192	9.717151	-1.203246	0.625516	-0.082789	0.008560	0.003161	-50.910972	-82.672301	-17.053633
49193	9.597326	-1.235107	0.614229	-0.055579	0.017925	-0.010539	-50.880249	-82.670968	-17.115655
49194	9.619875	-1.121316	0.790277	-0.054573	0.003301	-0.016625	-50.994934	-82.679821	-17.039527
49195	9.704146	-1.151260	0.875358	-0.093281	-0.018634	-0.002187	-51.136517	-82.687969	-16.949623
49196	9.780905	-1.223791	0.794209	-0.109503	-0.001822	-0.003562	-51.305443	-82.689311	-16.840341
49197	9.765889	-1.295191	0.783514	-0.100458	0.021724	-0.004007	-51.306082	-82.683770	-16.896674
49198	9.795417	-1.244340	0.849434	-0.104239	0.023614	-0.001731	-51.396748	-82.675446	-16.860306
49199	9.779017	-1.244599	0.810837	-0.118819	0.013828	0.004508	-51.459462	-82.668928	-16.864649
49200	9.839455	-1.252792	0.769882	-0.110897	0.007921	0.006559	-51.589489	-82.661232	-16.798604
49201	9.824647	-1.234584	0.714689	-0.087998	0.003609	0.008878	-51.682237	-82.656384	-16.754857
49202	9.800914	-1.237939	0.709045	-0.054059	0.011517	-0.003321	-51.784846	-82.651806	-16.672970
49203	9.789138	-1.207157	0.745633	-0.032812	0.008090	-0.006172	-51.789212	-82.652126	-16.686428
49204	9.806940	-1.188540	0.769845	-0.024957	0.011477	-0.013283	-51.773774	-82.653500	-16.730532
49205	9.803904	-1.225204	0.801490	-0.013691	0.008816	-0.010809	-51.751910	-82.655653	-16.759426
49206	9.799604	-1.189975	0.805259	-0.008860	0.016786	-0.013043	-51.824545	-82.660139	-16.708094
49207	9.792155	-1.192541	0.840256	-0.003709	0.014769	-0.008152	-51.784029	-82.659016	-16.750068
49208	9.817321	-1.170629	0.831316	0.000194	0.005420	-0.001934	-51.815780	-82.656436	-16.727646
49209	9.829105	-1.201051	0.795598	0.010472	0.002657	-0.000709	-51.830003	-82.656251	-16.706255
49210	9.823194	-1.185526	0.814139	0.024399	0.002336	-0.001033	-51.868790	-82.652224	-16.646626
49211	9.808560	-1.165131	0.760544	0.038866	0.008490	-0.005940	-51.832089	-82.652320	-16.660165
49212	9.783361	-1.185572	0.772095	0.053979	0.013685	-0.006943	-51.869393	-82.650124	-16.585204
49213	9.786466	-1.146379	0.743533	0.061972	0.020668	-0.015338	-51.751562	-82.650141	-16.667189
49214	9.765611	-1.135965	0.831688	0.069001	0.026276	-0.016425	-51.661355	-82.646536	-16.719315
49215	9.777364	-1.100558	0.876526	0.075707	0.022852	-0.014277	-51.531229	-82.645259	-16.805765
49216	9.823053	-1.112157	0.905791	0.078979	0.014435	-0.011933	-51.464119	-82.643496	-16.828523
49217	9.781627	-1.067012	0.956246	0.080704	0.007412	-0.006829	-51.405443	-82.644364	-16.840057
49218	9.839250	-1.110176	0.947623	0.084640	-0.009915	0.000016	-51.495198	-82.648792	-16.712579
49219	9.827661	-1.207234	0.828506	0.088817	-0.012061	0.003680	-51.528918	-82.651903	-16.626292
49220	9.833647	-1.222332	0.810317	0.103632	-0.015945	0.005943	-51.623633	-82.653812	-16.475343
49221	9.847045	-1.234577	0.758703	0.106119	-0.012343	0.013068	-51.674581	-82.652780	-16.361706
49222	9.764277	-1.276450	0.701070	0.122473	-0.009687	0.011986	-51.748050	-82.648882	-16.222178
49223	9.716951	-1.281869	0.690612	0.146040	-0.013788	0.009722	-51.772048	-82.649840	-16.112659
49224	9.694867	-1.201024	0.746591	0.154419	-0.024864	0.009133	-51.894614	-82.649539	-15.882759
49225	9.714234	-1.164005	0.753445	0.141640	-0.028816	0.010025	-51.974863	-82.655611	-15.719025
49226	9.773762	-1.034663	0.759274	0.112050	-0.029074	0.006133	-52.074888	-82.656498	-15.539485
49227	9.847878	-0.989299	0.743075	0.079454	-0.014888	0.005769	-52.130533	-82.659510	-15.436452
49228	9.886500	-0.915316	0.758036	0.058118	-0.002180	-0.000653	-52.144781	-82.656593	-15.387617
49229	9.925063	-0.841322	0.773725	0.047043	0.004725	0.003414	-52.143702	-82.653755	-15.360507
49230	9.891078	-0.794225	0.789387	0.039903	0.013277	0.003918	-52.200776	-82.648820	-15.291216
49231	9.879135	-0.763061	0.826841	0.030652	0.018006	0.003235	-52.162304	-82.641409	-15.311309
49232	9.881756	-0.815945	0.842556	0.027060	0.017397	0.004138	-52.158973	-82.630894	-15.302717
49233	9.840190	-0.837023	0.815917	0.035306	0.020511	0.002931	-52.108434	-82.622732	-15.332296
49234	9.786489	-0.916795	0.870200	0.032574	0.016415	0.006408	-52.114538	-82.612912	-15.314642
49235	9.802428	-0.982869	0.834384	0.025040	0.014175	0.010868	-52.113690	-82.603391	-15.300066
49236	9.753318	-1.007501	0.841501	0.012585	0.029106	0.007105	-52.022606	-82.584953	-15.387448
49237	9.721888	-1.079008	0.795864	-0.001385	0.029530	0.007380	-51.974134	-82.571578	-15.436173
49238	9.764088	-1.130203	0.857034	-0.007585	0.028437	0.010430	-51.883553	-82.552855	-15.545298
49239	9.852335	-1.105175	0.899309	-0.016178	0.024290	0.014295	-51.880438	-82.538192	-15.556864
49240	9.822459	-1.159015	0.837058	-0.018502	0.023030	0.014449	-51.914481	-82.518353	-15.514587
49241	9.805911	-1.160101	0.801303	-0.003232	0.047625	0.010841	-51.814886	-82.496974	-15.615948
49242	9.684038	-1.211507	0.810024	0.015395	0.049697	0.010277	-51.749066	-82.474183	-15.683022
49243	9.628717	-1.154820	0.913277	0.026280	0.030595	0.000302	-51.663352	-82.463557	-15.753349
49244	9.634432	-1.170501	0.897842	0.015511	0.012877	0.004278	-51.664037	-82.452987	-15.737456
49245	9.610660	-1.173146	0.893899	0.016279	0.016736	-0.001699	-51.625932	-82.448166	-15.765536
49246	9.629866	-1.135840	0.903036	0.021294	0.012315	-0.004011	-51.632798	-82.446976	-15.769897
49247	9.638886	-1.048728	0.930884	0.008330	-0.003054	-0.001207	-51.667781	-82.448981	-15.728896
49248	9.713207	-1.069357	0.838478	-0.005762	-0.015353	0.009586	-51.831869	-82.448998	-15.572654
49249	9.784239	-1.127611	0.777141	0.009268	-0.013881	0.009925	-51.933094	-82.449794	-15.464301
49250	9.782523	-1.147128	0.792649	0.029505	0.003295	0.013240	-52.067564	-82.445933	-15.335639
49251	9.790937	-1.150902	0.865315	0.048998	-0.012862	0.007994	-52.137784	-82.447208	-15.235645
49252	9.816215	-1.130339	0.853940	0.035744	-0.019507	0.012155	-52.268566	-82.444428	-15.077901
49253	9.876992	-1.138787	0.811997	0.024244	-0.022178	0.011589	-52.394404	-82.447271	-14.936100
49254	9.923240	-1.128478	0.715991	0.020902	0.000332	0.008524	-52.477182	-82.440339	-14.838849
49255	9.912891	-1.078749	0.737139	0.020868	0.025383	-0.002013	-52.406494	-82.432707	-14.897242
49256	9.848640	-1.042274	0.888233	-0.004125	0.027790	-0.006314	-52.341133	-82.420858	-14.957570
49257	9.866158	-1.023689	0.913692	-0.033689	0.020355	-0.001752	-52.319794	-82.414840	-14.997701
49258	9.836525	-1.076646	0.850844	-0.053231	0.018798	0.005457	-52.380261	-82.405231	-14.980740
49259	9.781421	-1.085855	0.875102	-0.044340	0.028923	0.007531	-52.360467	-82.392011	-15.025493
49260	9.791299	-1.137132	0.857694	-0.038191	0.027015	0.013727	-52.422571	-82.375351	-14.989292
49261	9.763981	-1.178556	0.885836	-0.025624	0.023628	0.015547	-52.431221	-82.360348	-14.994536
49262	9.750187	-1.232877	0.862600	-0.017788	0.023896	0.017680	-52.474054	-82.342306	-14.969520
49263	9.791226	-1.278908	0.817383	-0.008122	0.029931	0.014428	-52.448576	-82.325610	-14.999099
49264	9.786514	-1.246042	0.822477	-0.002053	0.035368	0.012070	-52.431861	-82.305841	-15.023060
49265	9.815662	-1.260069	0.813883	-0.000357	0.037536	0.008011	-52.360229	-82.289393	-15.094738
49266	9.815311	-1.260412	0.817584	0.003175	0.037519	-0.000787	-52.332686	-82.274347	-15.113628
49267	9.834354	-1.223605	0.828659	0.012067	0.031741	0.002590	-52.260030	-82.262368	-15.179148
49268	9.810434	-1.226379	0.826485	0.013198	0.035438	0.002528	-52.223626	-82.248472	-15.222387
49269	9.833717	-1.223997	0.835610	0.011787	0.032497	0.004592	-52.154348	-82.235309	-15.284693
49270	9.827376	-1.209001	0.856530	0.007478	0.029836	0.010797	-52.186203	-82.219196	-15.251884
49271	9.744509	-1.251593	0.802349	0.011444	0.047346	0.005969	-52.072203	-82.200181	-15.359539
49272	9.661280	-1.228307	0.825645	0.026063	0.047154	0.001094	-52.011930	-82.182579	-15.411767
49273	9.641655	-1.205743	1.003765	0.021452	0.006731	0.003942	-52.021502	-82.178776	-15.388922
49274	9.775620	-1.193241	1.069921	0.009777	-0.039228	0.007885	-52.179095	-82.184666	-15.232139
49275	9.856808	-1.295630	0.881898	-0.000234	-0.014511	0.011199	-52.289553	-82.185007	-15.120020
49276	9.813323	-1.329914	0.762670	0.023506	0.016685	0.005145	-52.312241	-82.173681	-15.080572
49277	9.787013	-1.279720	0.745653	0.041804	0.026818	-0.001921	-52.228915	-82.165462	-15.139741
49278	9.733633	-1.268795	0.755149	0.033691	0.027311	-0.002068	-52.194981	-82.153550	-15.150780
49279	9.711664	-1.252169	0.736387	0.039204	0.019558	-0.007696	-52.122666	-82.150474	-15.200335
49280	9.709459	-1.204116	0.830661	0.038214	0.011501	-0.008301	-52.091352	-82.146720	-15.215819
49281	9.733106	-1.200495	0.837195	0.023026	-0.001473	-0.006709	-52.099865	-82.150586	-15.193150
49282	9.694088	-1.207915	0.898574	0.006717	-0.002259	-0.006355	-52.115472	-82.149979	-15.180095
49283	9.745676	-1.236120	0.907754	0.004599	-0.006067	-0.007545	-52.147473	-82.155827	-15.144389
49284	9.747604	-1.217057	0.890658	0.003031	-0.020524	-0.003504	-52.263417	-82.160671	-15.024736
49285	9.769701	-1.232492	0.910186	0.004303	-0.021183	-0.004242	-52.354073	-82.170292	-14.929994
49286	9.777671	-1.229284	0.874747	0.015740	-0.020332	-0.002976	-52.479923	-82.175993	-14.798634
49287	9.826802	-1.205024	0.868639	0.022733	-0.016594	-0.003409	-52.547512	-82.183585	-14.716529
49288	9.809409	-1.222517	0.844193	0.027124	-0.012165	-0.010273	-52.612103	-82.188848	-14.636377
49289	9.789451	-1.187137	0.805999	0.027827	-0.011289	-0.007018	-52.650348	-82.196209	-14.580951
49290	9.787947	-1.204337	0.821162	0.028827	-0.010013	-0.014332	-52.741923	-82.206289	-14.490167
49291	9.758599	-1.189798	0.832277	0.021480	-0.014780	-0.011234	-52.785294	-82.216771	-14.433271
49292	9.790668	-1.188669	0.909187	0.007640	-0.018674	-0.011685	-52.954533	-82.229634	-14.276248
49293	9.773407	-1.206120	0.883394	0.000222	-0.033177	-0.007261	-53.082811	-82.244615	-14.145984
49294	9.806734	-1.181880	0.836369	-0.000700	-0.032664	-0.000607	-53.239074	-82.252051	-13.993099
49295	9.817258	-1.231718	0.814234	0.003961	-0.022227	-0.001561	-53.343455	-82.260572	-13.884808
49296	9.836739	-1.194600	0.819971	0.006290	-0.013035	-0.002370	-53.451321	-82.265544	-13.802833
49297	9.836871	-1.194283	0.818852	0.006361	-0.011242	-0.003035	-53.513870	-82.270952	-13.735420
49298	9.846323	-1.172473	0.769106	0.004665	0.003658	-0.008868	-53.584379	-82.271297	-13.661688
49299	9.828725	-1.190202	0.746539	0.001695	0.010105	-0.004727	-53.573188	-82.270206	-13.671394
49300	9.805126	-1.192137	0.741981	-0.002186	0.011451	-0.010417	-53.601922	-82.268023	-13.642544
49301	9.785514	-1.162636	0.811489	-0.005152	0.002004	-0.004951	-53.621811	-82.269785	-13.624847
49302	9.788197	-1.214952	0.825407	-0.012213	-0.003532	-0.003844	-53.698253	-82.268771	-13.555788
49303	9.772302	-1.214901	0.785752	-0.014124	-0.003126	0.001551	-53.757100	-82.269256	-13.503968
49304	9.776619	-1.249226	0.783667	-0.006849	-0.000155	-0.000886	-53.820080	-82.266275	-13.451430
49305	9.807924	-1.243645	0.755695	0.003886	-0.000181	-0.002883	-53.847608	-82.267797	-13.420819
49306	9.786633	-1.233051	0.840443	-0.000703	-0.000883	-0.003252	-53.896128	-82.263273	-13.354357
49307	9.810326	-1.229926	0.845715	-0.000275	-0.006012	-0.005915	-53.938442	-82.268144	-13.311209
49308	9.794451	-1.229556	0.806276	-0.004519	0.001093	-0.001034	-54.006943	-82.263504	-13.235620
49309	9.733592	-1.221780	0.846267	0.000284	-0.000771	-0.001996	-54.040932	-82.264773	-13.200543
49310	9.739633	-1.237347	0.828257	-0.003173	-0.005719	-0.001776	-54.137564	-82.262688	-13.093295
49311	9.745705	-1.253068	0.809632	-0.003454	-0.012896	0.000881	-54.222439	-82.266663	-13.009014
49312	9.769405	-1.250452	0.814041	-0.005643	-0.010556	-0.000299	-54.303894	-82.266454	-12.944989
49313	9.777145	-1.247863	0.779268	-0.010586	-0.012282	0.001992	-54.393618	-82.269665	-12.859963
49314	9.783204	-1.263694	0.760468	-0.007833	-0.008216	-0.001480	-54.466569	-82.268232	-12.795108
49315	9.789237	-1.279310	0.742333	-0.003248	0.000434	-0.001772	-54.499251	-82.268929	-12.763413
49316	9.789305	-1.278775	0.742367	0.001276	0.000507	-0.009312	-54.530632	-82.267924	-12.728014
49317	9.777457	-1.246504	0.777524	0.003326	-0.005423	-0.006803	-54.567437	-82.272899	-12.688356
49318	9.769931	-1.248630	0.810528	0.001985	-0.006559	-0.005399	-54.649534	-82.274086	-12.614847
49319	9.783382	-1.195460	0.834706	0.002060	-0.012714	-0.005402	-54.715862	-82.280802	-12.546146
49320	9.797176	-1.207987	0.782116	0.008771	-0.016147	-0.003190	-54.846135	-82.284568	-12.420198
49321	9.798997	-1.188772	0.765318	0.023454	-0.006609	-0.009401	-54.869753	-82.291112	-12.382245
49322	9.779884	-1.224179	0.758081	0.029028	0.003316	-0.017011	-54.905495	-82.293527	-12.314682
49323	9.781751	-1.203650	0.742725	0.027269	0.000519	-0.020851	-54.874628	-82.303078	-12.329492
49324	9.809579	-1.167669	0.822857	0.013429	-0.004545	-0.012716	-54.917125	-82.307521	-12.300840
49325	9.803776	-1.151021	0.839608	-0.000333	-0.015763	-0.004580	-54.998440	-82.314794	-12.218439
49326	9.837108	-1.192519	0.718530	0.003748	-0.003771	-0.001554	-55.057073	-82.311005	-12.148044
49327	9.756249	-1.215998	0.646084	0.012050	0.024958	-0.005402	-54.987815	-82.305264	-12.210419
49328	9.678452	-1.231230	0.771438	0.030569	0.016613	-0.012501	-54.933217	-82.300964	-12.252202
49329	9.737435	-1.190054	0.824079	0.021920	-0.011982	-0.014559	-54.964366	-82.311652	-12.207564
49330	9.743716	-1.204086	0.805558	-0.000755	-0.008322	-0.019059	-54.999390	-82.318169	-12.174389
49331	9.765943	-1.217681	0.827184	-0.007137	0.012023	-0.025269	-54.937673	-82.325973	-12.240261
49332	9.773402	-1.147158	0.870126	-0.015874	-0.003623	-0.019424	-54.985913	-82.331480	-12.196708
49333	9.798915	-1.124753	0.858276	-0.028632	-0.022677	-0.009365	-55.096485	-82.343210	-12.101164
49334	9.900839	-1.170905	0.662989	-0.022594	-0.002507	-0.004494	-55.180650	-82.341309	-12.025260
49335	9.812397	-1.196858	0.624547	0.009196	0.036156	-0.011160	-55.059861	-82.334579	-12.141291
49336	9.731790	-1.159059	0.737251	0.027425	0.036539	-0.016926	-54.964404	-82.326008	-12.213779
49337	9.757652	-1.141598	0.836037	0.021388	0.015211	-0.013227	-54.904982	-82.327083	-12.260837
49338	9.777424	-1.169164	0.768082	0.009404	-0.000005	-0.009160	-54.942868	-82.326230	-12.211655
49339	9.758322	-1.204934	0.761313	0.002962	0.010591	-0.014037	-54.908174	-82.329194	-12.244410
49340	9.793570	-1.166413	0.808772	0.002194	0.007908	-0.016622	-54.883830	-82.329405	-12.275464
49341	9.786094	-1.167534	0.842417	-0.005832	-0.005697	-0.016102	-54.905818	-82.338691	-12.256122
49342	9.839548	-1.176441	0.835285	-0.013322	-0.006107	-0.012334	-54.960795	-82.341122	-12.204063
49343	9.877005	-1.185530	0.789398	-0.013270	0.003631	-0.013665	-54.960611	-82.346181	-12.211391
49344	9.843023	-1.137228	0.803807	-0.019435	0.012299	-0.011966	-54.998033	-82.343303	-12.172314
49345	9.800260	-1.176276	0.791755	-0.012307	0.010541	-0.004505	-54.995782	-82.341785	-12.181160
49346	9.798623	-1.194233	0.808674	-0.011884	0.013352	-0.007828	-55.006695	-82.336965	-12.186299
49347	9.753037	-1.180520	0.782814	-0.004680	0.014537	-0.009599	-54.973795	-82.336516	-12.221674
49348	9.745384	-1.182221	0.817668	-0.003118	0.013105	-0.012331	-54.957820	-82.333732	-12.253329
49349	9.773462	-1.212586	0.822592	-0.002266	0.009635	-0.009747	-54.940329	-82.334954	-12.271777
49350	9.794280	-1.156132	0.814915	-0.004306	0.007609	-0.011594	-54.946702	-82.332909	-12.269223
49351	9.806484	-1.186535	0.780232	-0.007908	0.007014	-0.010708	-54.939280	-82.335434	-12.280779
49352	9.781340	-1.206807	0.791190	-0.009114	0.009463	-0.010634	-54.910185	-82.331255	-12.318767
49353	9.789064	-1.203217	0.758468	-0.004881	0.009154	-0.007604	-54.901108	-82.331605	-12.330249
49354	9.836244	-1.197188	0.770487	-0.007853	0.007656	-0.002805	-54.916486	-82.324438	-12.311514
49355	9.796771	-1.199404	0.726405	-0.009112	0.009460	-0.010633	-54.901384	-82.326094	-12.331518
49356	9.818803	-1.214307	0.748461	-0.003808	0.003119	-0.006351	-54.958744	-82.323142	-12.264024
49357	9.761846	-1.234956	0.681011	0.002035	0.011116	-0.007377	-54.939587	-82.322718	-12.281665
49358	9.685542	-1.232045	0.789124	0.013351	0.009563	-0.013353	-54.935300	-82.320400	-12.264719
49359	9.702965	-1.152186	0.994532	0.008554	-0.022144	-0.009090	-55.024132	-82.331706	-12.169616
49360	9.816045	-1.187407	0.960278	-0.012262	-0.055457	-0.006456	-55.253784	-82.348528	-11.971606
49361	9.871433	-1.239171	0.751251	-0.022109	-0.024715	0.002717	-55.398703	-82.355022	-11.837674
49362	9.785465	-1.313008	0.619001	0.011161	0.028434	-0.007958	-55.366467	-82.345575	-11.866225
49363	9.683522	-1.176078	0.769519	0.032728	0.022270	-0.011943	-55.279744	-82.343655	-11.934318
49364	9.759727	-1.116718	0.845366	0.005719	-0.020062	-0.005618	-55.356947	-82.345490	-11.834433
49365	9.809471	-1.157967	0.762088	-0.012133	-0.027402	-0.001858	-55.494678	-82.354963	-11.701975
49366	9.818598	-1.225934	0.757234	0.005586	0.001976	-0.006940	-55.518253	-82.351514	-11.663374
49367	9.798831	-1.196331	0.826799	0.007193	0.010282	-0.010997	-55.490461	-82.353036	-11.686744
49368	9.822541	-1.192468	0.832537	-0.004263	-0.008287	-0.010267	-55.526733	-82.355084	-11.670879
49369	9.846358	-1.188716	0.836840	-0.008826	-0.016947	-0.009975	-55.606461	-82.364936	-11.595047
49370	9.848174	-1.169367	0.819398	-0.008982	-0.012589	-0.009308	-55.640341	-82.365954	-11.558347
49371	9.856007	-1.165758	0.784926	0.000102	-0.005008	-0.008567	-55.676290	-82.371248	-11.521521
