// Start Time: Unknown
// Update Rate: 100.0Hz
// Filter Profile: human (46.1)
// Firmware Version: 4.3.5
PacketCounter	Acc_X	Acc_Y	Acc_Z	Gyr_X	Gyr_Y	Gyr_Z	Roll	Pitch	Yaw
48864	9.666448	-1.670183	1.467956	-0.008539	-0.002279	-0.027139	-48.704860	-77.039168	0.841597
48865	9.642109	-1.643793	1.469004	0.000848	0.002283	-0.022555	-48.671687	-77.127560	0.692991
48866	9.666537	-1.641708	1.473292	-0.001100	0.000316	-0.025120	-48.630096	-77.138245	0.649683
48867	9.671015	-1.634174	1.449865	0.002853	0.000280	-0.020424	-48.593451	-77.146289	0.614088
48868	9.667201	-1.637560	1.473552	-0.000537	0.003813	-0.019237	-48.554610	-77.153108	0.573933
48869	9.652360	-1.648690	1.417406	-0.002668	0.001619	-0.019663	-48.520163	-77.160971	0.537045
48870	9.652613	-1.646955	1.417696	-0.002911	0.005354	-0.017092	-48.483271	-77.166273	0.497496
48871	9.676202	-1.621440	1.427533	-0.003502	0.003832	-0.022759	-48.440539	-77.174736	0.451589
48872	9.653180	-1.643194	1.418203	-0.009331	0.000754	-0.018156	-48.414134	-77.182232	0.419026
48873	9.678248	-1.665433	1.417262	-0.005877	0.005372	-0.020615	-48.373893	-77.189408	0.374254
48874	9.677774	-1.639797	1.422830	-0.008190	0.002951	-0.018904	-48.341368	-77.196378	0.336087
48875	9.653271	-1.613975	1.424012	-0.007976	0.001193	-0.021259	-48.310430	-77.205589	0.299554
48876	9.659174	-1.654549	1.389962	-0.006183	0.000952	-0.016773	-48.284018	-77.212401	0.268838
48877	9.678660	-1.634544	1.422854	-0.009148	0.000970	-0.020296	-48.257352	-77.221637	0.235916
48878	9.654913	-1.632696	1.418527	-0.008312	-0.001246	-0.017201	-48.235516	-77.229465	0.208643
48879	9.655224	-1.631044	1.418311	-0.005969	-0.000808	-0.019129	-48.213656	-77.239174	0.182450
48880	9.680382	-1.653201	1.417005	-0.006958	-0.000804	-0.020304	-48.184910	-77.248153	0.148889
48881	9.699880	-1.633251	1.449658	-0.004145	-0.003031	-0.014860	-48.175426	-77.257115	0.136354
48882	9.676127	-1.631436	1.445355	-0.003659	0.001608	-0.020840	-48.139253	-77.265395	0.097118
48883	9.681325	-1.648127	1.416474	-0.003961	-0.002808	-0.016999	-48.125992	-77.275266	0.080799
48884	9.676719	-1.627890	1.445390	0.002755	0.006211	-0.019774	-48.079166	-77.281323	0.034413
48885	9.680256	-1.596923	1.427684	-0.002887	0.003354	-0.017310	-48.054842	-77.289058	0.007315
48886	9.658027	-1.642808	1.413167	-0.005047	0.003137	-0.017521	-48.022042	-77.295321	-0.029272
48887	9.677407	-1.622851	1.446446	-0.002920	0.005333	-0.017093	-47.995649	-77.302566	-0.058615
48888	9.677649	-1.621140	1.446748	-0.009183	0.002928	-0.020081	-47.961179	-77.309989	-0.099342
48889	9.677881	-1.619422	1.447121	-0.012614	0.008435	-0.018675	-47.932089	-77.316627	-0.137128
48890	9.658975	-1.636118	1.414446	-0.016833	0.002056	-0.019750	-47.904139	-77.324234	-0.175661
48891	9.655134	-1.639963	1.437924	-0.023562	0.005142	-0.017808	-47.891292	-77.332241	-0.203363
48892	9.630442	-1.614877	1.439147	-0.023929	0.004688	-0.013532	-47.873026	-77.336200	-0.236135
48893	9.651369	-1.643176	1.461614	-0.024951	0.006670	-0.014488	-47.864787	-77.341718	-0.259913
48894	9.678856	-1.612974	1.447799	-0.025906	0.004689	-0.015882	-47.843592	-77.346670	-0.296845
48895	9.704743	-1.659585	1.441453	-0.024952	0.006663	-0.014489	-47.834923	-77.351508	-0.321081
48896	9.675885	-1.640094	1.466301	-0.023965	0.006655	-0.013315	-47.813245	-77.354601	-0.357367
48897	9.676868	-1.662959	1.461082	-0.026090	0.004452	-0.013746	-47.811526	-77.360132	-0.375570
48898	9.648854	-1.667153	1.480709	-0.021509	0.011281	-0.016941	-47.773409	-77.362989	-0.427274
48899	9.696208	-1.642215	1.495244	-0.023704	0.013039	-0.016933	-47.751445	-77.366148	-0.464906
48900	9.673110	-1.664728	1.486388	-0.021658	0.009067	-0.015024	-47.720873	-77.369057	-0.508977
48901	9.649184	-1.663404	1.482779	-0.017155	0.009730	-0.016738	-47.704977	-77.371272	-0.535375
48902	9.648400	-1.638296	1.489086	-0.009760	0.014346	-0.014485	-47.658544	-77.371892	-0.588689
48903	9.653427	-1.655430	1.461314	-0.008701	0.010381	-0.013752	-47.640430	-77.372272	-0.612649
48904	9.677523	-1.654352	1.466508	-0.005590	0.012577	-0.012143	-47.599018	-77.372577	-0.658362
48905	9.676658	-1.629609	1.472879	-0.006910	0.010146	-0.009263	-47.585638	-77.370380	-0.677445
48906	9.681651	-1.646879	1.445285	-0.004306	0.016985	-0.014803	-47.530588	-77.370112	-0.736394
48907	9.656750	-1.621535	1.447938	-0.004086	0.015229	-0.017162	-47.491115	-77.367911	-0.780914
48908	9.653528	-1.649504	1.467336	-0.006799	0.014327	-0.010961	-47.449095	-77.367023	-0.827990
48909	9.680809	-1.619322	1.454608	-0.004567	0.010588	-0.011189	-47.438336	-77.365041	-0.841253
48910	9.650323	-1.676663	1.487556	-0.004419	0.012792	-0.013107	-47.394258	-77.365649	-0.889006
48911	9.653594	-1.646190	1.470624	-0.000064	0.011255	-0.012901	-47.368536	-77.362970	-0.917720
48912	9.645373	-1.655850	1.518608	0.002096	0.011476	-0.012687	-47.323861	-77.363906	-0.962287
48913	9.682774	-1.662238	1.448014	0.003996	0.005308	-0.008860	-47.319999	-77.362069	-0.964593
48914	9.725847	-1.642970	1.486259	0.010547	0.012137	-0.009694	-47.274521	-77.361497	-1.005004
48915	9.759009	-1.654803	1.439910	0.019109	0.016983	-0.008396	-47.239117	-77.352148	-1.030288
48916	9.804189	-1.582330	1.466923	0.030964	0.024250	-0.007627	-47.162817	-77.345940	-1.090297
48917	9.789602	-1.549442	1.551690	0.034736	0.041417	-0.015167	-47.059561	-77.331299	-1.176904
48918	9.758176	-1.481279	1.591932	0.052116	0.047356	-0.015151	-46.915145	-77.319156	-1.294342
48919	9.758992	-1.402889	1.589420	0.026114	0.041361	-0.003946	-46.830756	-77.302974	-1.366041
48920	9.842073	-1.588304	1.539776	-0.019877	0.032717	0.011731	-46.802006	-77.285293	-1.407198
48921	9.894826	-1.733603	1.519399	-0.013003	0.035541	0.032276	-46.802402	-77.255209	-1.413897
48922	9.914463	-1.541794	1.546499	-0.001214	0.037490	0.046621	-46.814757	-77.221067	-1.401943
48923	9.887837	-1.398938	1.554075	-0.024083	0.031722	0.059200	-46.877260	-77.181537	-1.350567
48924	9.903480	-1.340505	1.600584	-0.055358	0.034266	0.079591	-46.982810	-77.134833	-1.274808
48925	9.869268	-1.361134	1.645466	-0.097021	0.034151	0.094389	-47.129092	-77.084216	-1.179397
48926	9.766108	-1.478480	1.655457	-0.121077	0.038175	0.106863	-47.309799	-77.024470	-1.065105
48927	9.843655	-1.457096	1.628602	-0.143412	0.032963	0.112985	-47.496687	-76.967681	-0.956304
48928	9.863533	-1.548062	1.641206	-0.170085	0.039352	0.117856	-47.718901	-76.902690	-0.828172
48929	9.879421	-1.669408	1.672099	-0.182917	0.052919	0.125894	-47.891252	-76.832362	-0.761813
48930	9.970295	-1.763181	1.698912	-0.175006	0.060753	0.134064	-48.100515	-76.752088	-0.649871
48931	10.059073	-1.810949	1.737816	-0.172277	0.073079	0.151024	-48.266913	-76.658709	-0.579113
48932	10.109343	-1.748380	1.722256	-0.177608	0.098010	0.172018	-48.467417	-76.547787	-0.477633
48933	10.180664	-1.766171	1.719363	-0.202444	0.109513	0.203826	-48.680777	-76.425547	-0.376274
48934	10.210585	-1.858326	1.794509	-0.248584	0.121829	0.241391	-48.982035	-76.275670	-0.212867
48935	10.303045	-2.058394	1.780212	-0.281664	0.138060	0.290462	-49.304017	-76.099144	-0.045112
48936	10.244758	-2.266539	1.762226	-0.303946	0.151102	0.340169	-49.721923	-75.894915	0.206069
48937	10.259819	-2.452325	1.741149	-0.287639	0.175223	0.397124	-50.144153	-75.659247	0.475308
48938	10.213764	-2.582848	1.776635	-0.260647	0.184056	0.455457	-50.624059	-75.391321	0.816686
48939	10.150092	-2.657771	1.774904	-0.219537	0.205230	0.503675	-51.086948	-75.090839	1.165400
48940	10.103545	-2.767361	1.796978	-0.188917	0.214305	0.557060	-51.580524	-74.765358	1.564416
48941	10.112100	-2.918445	1.771710	-0.142894	0.228095	0.598457	-52.056186	-74.405474	1.968832
48942	10.136824	-3.080274	1.776995	-0.083712	0.240952	0.638987	-52.511064	-74.031914	2.391579
48943	10.201287	-3.231221	1.824688	-0.016138	0.257626	0.683182	-52.956118	-73.620200	2.839714
48944	10.209645	-3.365244	1.896865	0.057231	0.288175	0.726618	-53.319088	-73.188710	3.252512
48945	10.292031	-3.455440	1.979332	0.122728	0.326587	0.773641	-53.659707	-72.702889	3.678623
48946	10.325636	-3.475446	2.076348	0.179413	0.355739	0.818668	-53.914472	-72.204795	4.053458
48947	10.305044	-3.404471	2.112789	0.219793	0.403202	0.857725	-54.152183	-71.652562	4.426115
48948	10.193682	-3.345162	2.103975	0.239551	0.441548	0.902132	-54.303788	-71.086277	4.730708
48949	10.048859	-3.386827	2.195467	0.234873	0.482155	0.940708	-54.484069	-70.470019	5.050915
48950	10.029212	-3.481672	2.363102	0.220809	0.529581	0.977858	-54.575435	-69.838887	5.282244
48951	9.955687	-3.596259	2.414592	0.216458	0.576258	1.007303	-54.685823	-69.160949	5.518124
48952	9.850618	-3.757216	2.556656	0.209974	0.629577	1.039436	-54.696318	-68.468029	5.658037
48953	9.779960	-3.800320	2.714596	0.194301	0.672839	1.079056	-54.744426	-67.726330	5.805249
48954	9.691097	-3.814164	2.851580	0.153427	0.710947	1.115747	-54.746159	-66.971143	5.901867
48955	9.658903	-3.896164	2.916033	0.077408	0.754582	1.154635	-54.811753	-66.165756	5.991989
48956	9.671972	-4.138562	3.069876	0.006251	0.792748	1.202167	-54.867196	-65.343474	6.056022
48957	9.709373	-4.490979	3.216832	-0.025920	0.844907	1.238185	-54.955424	-64.467967	6.110926
48958	9.791177	-4.830107	3.367717	0.023466	0.904430	1.271072	-54.933041	-63.576970	6.100205
48959	9.745752	-5.043532	3.488983	0.117979	0.972967	1.303757	-54.862868	-62.634472	6.055964
48960	9.648230	-5.081788	3.559480	0.202151	1.031289	1.340923	-54.675954	-61.669419	5.974633
48961	9.479804	-5.097984	3.695921	0.241954	1.093407	1.388157	-54.488801	-60.639250	5.876934
48962	9.239057	-4.972723	3.833988	0.248465	1.145090	1.423237	-54.248940	-59.598110	5.763399
48963	8.940057	-4.817824	4.004007	0.201954	1.177463	1.468893	-54.062846	-58.477058	5.666981
48964	8.778282	-4.995240	4.253363	0.115570	1.211997	1.513716	-53.917555	-57.371197	5.572518
48965	8.787001	-5.358360	4.444836	0.035156	1.240584	1.567752	-53.836863	-56.175390	5.496896
48966	8.730678	-5.481104	4.627138	0.067364	1.281272	1.607089	-53.731222	-55.002749	5.414453
48967	8.567251	-5.430593	4.928839	0.067202	1.332676	1.647880	-53.615553	-53.735143	5.319865
48968	8.282382	-5.169533	5.036246	0.016079	1.380600	1.693090	-53.528984	-52.488891	5.221933
48969	7.860506	-4.927220	5.058515	-0.124490	1.398938	1.723703	-53.518961	-51.162586	5.123085
48970	7.652623	-5.068477	4.906267	-0.308643	1.391567	1.759850	-53.646565	-49.881828	5.058030
48971	7.550760	-5.655705	4.779455	-0.457279	1.417893	1.791487	-53.835709	-48.518896	4.971983
48972	7.339645	-6.391712	4.686028	-0.530046	1.425494	1.834539	-54.095675	-47.192396	4.911679
48973	7.168961	-7.207317	4.613530	-0.411945	1.422719	1.854084	-54.273063	-45.798577	4.842638
48974	7.000428	-7.797890	4.702178	-0.094108	1.421603	1.858636	-54.289878	-44.462404	4.788910
48975	6.835167	-7.886771	4.813145	0.289170	1.420684	1.860347	-54.079795	-43.062422	4.732853
48976	6.654860	-7.505809	5.089595	0.564916	1.428214	1.869773	-53.731120	-41.718634	4.694351
48977	6.472844	-6.980764	5.165455	0.695658	1.430330	1.878294	-53.311662	-40.303751	4.667325
48978	6.255611	-6.515295	5.255411	0.717441	1.436517	1.886146	-52.895096	-38.949331	4.657206
48979	5.882838	-6.168014	5.174343	0.660533	1.436372	1.894172	-52.514211	-37.526103	4.659124
48980	5.539225	-6.136551	5.178871	0.574162	1.423575	1.888544	-52.198619	-36.175127	4.679838
48981	5.326459	-6.512537	5.126570	0.514024	1.408493	1.889902	-51.918344	-34.766523	4.713125
48982	5.132600	-6.823708	5.185903	0.553124	1.390058	1.872396	-51.629246	-33.434927	4.761037
48983	4.837627	-6.974066	5.192646	0.634481	1.381528	1.852449	-51.287184	-32.054887	4.809333
48984	4.551655	-6.914588	5.287707	0.765745	1.369512	1.813454	-50.876077	-30.757530	4.860536
48985	4.377656	-7.020049	5.401251	0.870804	1.355110	1.771422	-50.398675	-29.424735	4.910166
48986	4.253541	-7.110667	5.435412	1.019362	1.338024	1.726892	-49.841690	-28.177914	4.964384
48987	4.039333	-6.919325	5.448830	1.197777	1.327508	1.676994	-49.177639	-26.898751	5.016280
48988	3.786886	-6.570721	5.555158	1.281011	1.317839	1.630726	-48.468415	-25.702404	5.069995
48989	3.558601	-6.294075	5.611137	1.280460	1.294466	1.596515	-47.762083	-24.473555	5.135922
48990	3.482766	-6.254513	5.752412	1.204127	1.269067	1.556947	-47.103759	-23.328753	5.211560
48991	3.336277	-6.489860	5.684386	1.171491	1.250043	1.513798	-46.462559	-22.156002	5.290813
48992	3.264715	-6.734615	5.772942	1.195666	1.222915	1.461154	-45.808586	-21.070945	5.372655
48993	3.227024	-6.947912	5.901376	1.284473	1.215995	1.403029	-45.099574	-19.961645	5.446463
48994	3.124104	-7.183924	5.990670	1.434472	1.209230	1.348879	-44.300882	-18.929649	5.513315
48995	2.988746	-7.026451	6.127946	1.657157	1.202355	1.289457	-43.375126	-17.876117	5.574991
48996	2.629534	-6.368642	6.318666	1.791380	1.194272	1.236272	-42.366746	-16.896830	5.632099
48997	2.342565	-5.676285	6.500383	1.799342	1.174367	1.178008	-41.358986	-15.903027	5.691315
48998	2.067153	-5.539545	6.470494	1.632053	1.119039	1.126152	-40.443814	-15.000072	5.762554
48999	2.120456	-5.860883	6.637470	1.482256	1.059596	1.081325	-39.622735	-14.096473	5.851901
49000	2.152048	-6.016001	7.018923	1.427635	1.040018	1.014813	-38.823800	-13.271318	5.928366
49001	1.725378	-5.767895	7.539679	1.440532	1.009076	0.928247	-38.018357	-12.449889	5.989754
49002	1.473900	-5.705044	7.762541	1.467350	0.960716	0.841174	-37.188539	-11.723858	6.037310
49003	1.346501	-5.948316	7.664548	1.532902	0.916469	0.773831	-36.324028	-11.000544	6.081101
49004	1.261912	-5.976431	7.505058	1.660666	0.876037	0.722730	-35.381426	-10.355337	6.123922
49005	1.183711	-5.533063	7.371274	1.753311	0.825318	0.698310	-34.393438	-9.701715	6.184447
49006	1.246048	-5.183348	7.450817	1.721500	0.765007	0.674391	-33.420727	-9.126548	6.261959
49007	1.496966	-5.131549	7.627448	1.622823	0.720612	0.646827	-32.511115	-8.542794	6.350985
49008	1.686475	-5.277641	7.901969	1.540339	0.694140	0.596287	-31.640952	-8.028522	6.430271
49009	2.006171	-5.505105	8.216240	1.475213	0.675474	0.557479	-30.812689	-7.499358	6.504941
49010	2.146104	-5.584623	8.353393	1.454398	0.674929	0.533389	-29.988996	-7.015322	6.573442
49011	2.059894	-5.528224	8.397542	1.427366	0.684944	0.508699	-29.186716	-6.502383	6.634953
49012	1.790872	-5.339596	8.353530	1.409165	0.678714	0.496076	-28.387070	-6.028841	6.697110
49013	1.425298	-4.947755	8.326376	1.375758	0.658619	0.479174	-27.615656	-5.543565	6.763998
49014	1.108035	-4.605338	8.175066	1.318995	0.609084	0.460446	-26.867856	-5.116669	6.838973
49015	0.891069	-4.278004	8.197849	1.267974	0.547919	0.430469	-26.159254	-4.705151	6.920931
49016	0.913727	-4.208950	8.198585	1.186450	0.486992	0.393884	-25.486884	-4.359809	7.002533
49017	1.141124	-4.520199	8.316092	1.159408	0.442619	0.351435	-24.838998	-4.025997	7.078005
49018	1.350330	-4.759714	8.287827	1.213265	0.422620	0.307011	-24.148843	-3.736830	7.137481
49019	1.346884	-4.687443	8.282082	1.299801	0.407367	0.260202	-23.419422	-3.447566	7.180583
49020	1.229803	-4.399851	8.157496	1.354025	0.380890	0.221215	-22.646383	-3.201240	7.211451
49021	0.986337	-3.982947	8.167809	1.375346	0.344384	0.183377	-21.874371	-2.966599	7.234563
49022	0.794808	-3.547396	8.239079	1.338693	0.290265	0.150854	-21.109282	-2.784272	7.253536
49023	0.815613	-3.325746	8.331641	1.231452	0.237536	0.113451	-20.419642	-2.623904	7.266457
49024	0.862682	-3.343637	8.280221	1.112442	0.189708	0.070913	-19.783243	-2.511935	7.266621
49025	0.847110	-3.254068	8.317425	1.055951	0.147452	0.024834	-19.192806	-2.419512	7.252012
49026	0.845882	-3.241073	8.359382	0.990092	0.095036	-0.016025	-18.625372	-2.375028	7.224945
49027	1.173876	-3.319927	8.498320	0.938323	0.066857	-0.055480	-18.101403	-2.342666	7.182703
49028	1.462328	-3.455869	8.559360	0.919766	0.049581	-0.072319	-17.573400	-2.332355	7.133736
49029	1.393118	-3.319224	8.639961	0.930187	0.039706	-0.089032	-17.054431	-2.323022	7.078136
49030	1.149766	-3.159885	8.628680	0.902707	0.025776	-0.109422	-16.535555	-2.331024	7.012947
49031	1.021358	-3.036045	8.637929	0.853117	0.000202	-0.129448	-16.060848	-2.351804	6.941478
49032	1.112713	-2.971302	8.645390	0.802304	-0.030008	-0.146377	-15.598961	-2.395236	6.864506
49033	1.129693	-2.909134	8.715340	0.758830	-0.053002	-0.165562	-15.178164	-2.451880	6.780760
49034	1.116804	-2.759046	8.752220	0.726134	-0.071552	-0.190784	-14.758940	-2.523721	6.684693
49035	1.095768	-2.697780	8.776599	0.700155	-0.092418	-0.221773	-14.370706	-2.611196	6.574579
49036	1.069831	-2.600314	8.781066	0.695789	-0.108183	-0.251782	-13.967200	-2.710599	6.448730
49037	1.013978	-2.478836	8.718375	0.703456	-0.128545	-0.276671	-13.575531	-2.825918	6.311752
49038	0.910021	-2.314660	8.694034	0.713389	-0.162667	-0.310140	-13.160083	-2.961659	6.159158
49039	0.953268	-2.141734	8.690904	0.695105	-0.199948	-0.338618	-12.770966	-3.124169	5.995141
49040	1.001032	-2.128869	8.694076	0.656237	-0.229947	-0.371008	-12.385871	-3.303021	5.814964
49041	1.027660	-2.027773	8.809360	0.640159	-0.258362	-0.409094	-12.024688	-3.505744	5.616369
49042	1.187780	-1.884128	8.800139	0.602796	-0.279462	-0.442926	-11.666640	-3.718510	5.399271
49043	1.288124	-1.851168	8.767116	0.567565	-0.307994	-0.478548	-11.342502	-3.955845	5.164802
49044	1.315264	-1.792495	8.725414	0.549388	-0.334537	-0.499708	-11.011267	-4.203337	4.919247
49045	1.222714	-1.690629	8.811382	0.533676	-0.358797	-0.521010	-10.702242	-4.472657	4.663590
49046	1.230239	-1.566435	8.951967	0.502361	-0.394072	-0.546773	-10.393802	-4.755924	4.394822
49047	1.423851	-1.589994	9.017846	0.461991	-0.415155	-0.581156	-10.119739	-5.061471	4.107987
49048	1.668496	-1.588296	9.072404	0.453810	-0.427879	-0.614413	-9.832860	-5.367848	3.801196
49049	1.790259	-1.494645	9.107087	0.443510	-0.431746	-0.636109	-9.562334	-5.686690	3.481627
49050	1.757404	-1.385837	9.101533	0.401117	-0.433261	-0.662020	-9.299274	-5.997663	3.145053
49051	1.781630	-1.325457	9.079986	0.334481	-0.444511	-0.674983	-9.084170	-6.326066	2.801437
49052	1.739035	-1.462163	8.868082	0.272023	-0.451037	-0.693324	-8.889162	-6.647303	2.445810
49053	1.650991	-1.696831	8.616674	0.263978	-0.484600	-0.698176	-8.708246	-6.999362	2.089868
49054	1.649019	-1.732039	8.475528	0.317323	-0.537783	-0.705178	-8.482740	-7.368345	1.732237
49055	1.714181	-1.812694	8.469613	0.378330	-0.610768	-0.705834	-8.232227	-7.790658	1.379408
49056	1.963589	-1.738851	8.619361	0.478441	-0.687746	-0.707924	-7.910171	-8.241680	1.028299
49057	2.350771	-1.522618	8.805446	0.589630	-0.735055	-0.733315	-7.531809	-8.733673	0.664183
49058	2.604318	-1.247742	9.048885	0.699365	-0.750177	-0.771003	-7.071319	-9.220066	0.274401
49059	2.718432	-0.941083	9.073202	0.800031	-0.743642	-0.816465	-6.556725	-9.718592	-0.145621
49060	2.719797	-0.402317	9.143709	0.843271	-0.720026	-0.859665	-5.996340	-10.186411	-0.598466
49061	2.752811	-0.001515	9.354222	0.724850	-0.699361	-0.879853	-5.507438	-10.657336	-1.068210
49062	2.897805	0.113236	9.435601	0.469463	-0.683523	-0.881685	-5.149527	-11.098070	-1.544996
49063	3.020489	-0.041248	9.383092	0.283500	-0.655328	-0.872008	-4.902631	-11.539020	-2.020054
49064	3.023223	-0.243444	9.501594	0.136192	-0.639234	-0.849440	-4.730883	-11.948729	-2.485662
49065	3.261211	-0.540087	9.575230	0.035445	-0.612971	-0.834571	-4.620666	-12.362266	-2.945300
49066	3.541575	-0.828840	9.659146	0.021005	-0.573717	-0.822796	-4.510557	-12.731349	-3.401627
49067	3.698730	-0.964625	9.618935	0.081487	-0.528027	-0.802669	-4.369910	-13.094734	-3.849632
49068	3.615614	-0.853028	9.488863	0.159514	-0.481799	-0.782522	-4.178734	-13.407320	-4.289565
49069	3.517657	-0.850225	9.452024	0.215337	-0.454842	-0.759112	-3.960680	-13.726057	-4.718608
49070	3.675026	-0.769028	9.447973	0.257683	-0.432630	-0.722151	-3.715870	-14.004965	-5.128520
49071	3.835998	-0.770482	9.344918	0.283423	-0.397480	-0.679035	-3.464490	-14.285924	-5.516189
49072	3.757938	-0.682933	9.451308	0.335102	-0.360465	-0.635826	-3.182790	-14.517114	-5.881140
49073	3.775473	-0.634731	9.579405	0.363272	-0.324936	-0.587209	-2.894527	-14.751654	-6.220303
49074	3.793518	-0.528537	9.622461	0.381456	-0.280020	-0.534849	-2.597489	-14.930473	-6.530888
49075	3.802699	-0.350926	9.528185	0.375802	-0.238241	-0.476816	-2.315216	-15.110481	-6.809759
49076	3.782526	-0.148503	9.308176	0.349415	-0.205686	-0.433711	-2.049451	-15.241587	-7.064330
49077	3.766239	0.049802	9.110613	0.296220	-0.189496	-0.394110	-1.822973	-15.390688	-7.297135
49078	3.794249	0.054601	9.103407	0.218019	-0.182743	-0.347786	-1.644449	-15.505254	-7.502463
49079	3.826801	0.073437	9.170913	0.192780	-0.169671	-0.308001	-1.488645	-15.641219	-7.685812
49080	3.831265	0.061562	9.200448	0.175335	-0.148444	-0.280051	-1.344270	-15.734100	-7.852253
49081	3.777774	0.028398	9.176377	0.192436	-0.128724	-0.253103	-1.195732	-15.845919	-8.004526
49082	3.728190	0.180773	9.045006	0.220188	-0.113613	-0.232291	-1.032607	-15.917487	-8.143603
49083	3.596319	0.339448	8.917383	0.199434	-0.109733	-0.209919	-0.885755	-16.017933	-8.271200
49084	3.549895	0.470154	8.918186	0.143536	-0.129124	-0.194842	-0.772216	-16.097429	-8.388322
49085	3.671268	0.452994	8.954108	0.061588	-0.143351	-0.171080	-0.709268	-16.216797	-8.493241
49086	3.698579	0.357004	8.985331	-0.003171	-0.152808	-0.155578	-0.685905	-16.309349	-8.587083
49087	3.774723	0.254940	9.077171	-0.054038	-0.160152	-0.136305	-0.693702	-16.438495	-8.671648
49088	3.869570	0.173863	9.184259	-0.080384	-0.158435	-0.115930	-0.720937	-16.534025	-8.741865
49089	3.993648	0.118727	9.248517	-0.103281	-0.138240	-0.080742	-0.765512	-16.650807	-8.793633
49090	3.961473	-0.033416	9.336463	-0.104897	-0.116223	-0.044703	-0.818709	-16.721711	-8.821539
49091	3.999161	-0.214985	9.427249	-0.082885	-0.091472	0.004395	-0.865826	-16.811672	-8.822841
49092	4.093634	-0.244898	9.551779	-0.044904	-0.066063	0.061745	-0.902924	-16.852963	-8.787416
49093	4.157884	-0.118082	9.611862	-0.001881	-0.038710	0.117975	-0.923514	-16.912211	-8.721187
49094	4.058647	0.150970	9.743209	-0.005528	-0.008809	0.177418	-0.958107	-16.919603	-8.617017
49095	4.097680	0.282892	9.812545	-0.055515	0.016422	0.232904	-1.029302	-16.946532	-8.482597
49096	4.149428	0.283857	9.948732	-0.114043	0.050852	0.282546	-1.144242	-16.918374	-8.316141
49097	4.250827	0.296396	9.956123	-0.168373	0.090218	0.313417	-1.293336	-16.901931	-8.134703
49098	4.302992	0.231261	9.940908	-0.205186	0.131706	0.341032	-1.470061	-16.825858	-7.934639
49099	4.358776	0.129652	9.743203	-0.212643	0.180299	0.362753	-1.651717	-16.756579	-7.725789
49100	4.281258	-0.052528	9.636362	-0.157169	0.209019	0.377186	-1.805984	-16.634470	-7.506183
49101	4.197522	-0.155951	9.759925	-0.059636	0.246281	0.383362	-1.902057	-16.526748	-7.287211
49102	4.283795	-0.172026	9.937837	0.040265	0.276795	0.393179	-1.944399	-16.364834	-7.060150
49103	4.509753	-0.022835	10.120358	0.112903	0.324343	0.415714	-1.945504	-16.212056	-6.824075
49104	4.677529	0.182756	10.135391	0.121051	0.385203	0.452987	-1.949384	-15.986835	-6.564054
49105	4.699918	0.242639	10.041663	0.018553	0.459022	0.515963	-2.018096	-15.755828	-6.271858
49106	4.625792	0.057710	9.699522	-0.107997	0.532122	0.607113	-2.174468	-15.442635	-5.924682
49107	4.385629	-0.227938	9.561180	-0.213278	0.575349	0.705906	-2.401393	-15.140485	-5.524972
49108	4.389546	-0.590206	9.702870	-0.282187	0.608283	0.807922	-2.683085	-14.776030	-5.064439
49109	4.838522	-0.936571	9.755103	-0.328755	0.663666	0.904413	-2.999951	-14.415089	-4.554594
49110	4.897765	-0.865293	9.852530	-0.280718	0.732778	0.999332	-3.300164	-13.968716	-3.990784
49111	4.768915	-0.599656	10.025333	-0.321667	0.804260	1.083218	-3.629318	-13.517613	-3.386974
49112	4.867695	-0.549007	10.012338	-0.400735	0.886433	1.139035	-4.004909	-12.971769	-2.754804
49113	4.666126	-0.531414	9.846642	-0.478615	0.963082	1.189331	-4.424223	-12.419572	-2.104953
49114	4.258336	-0.656990	9.807146	-0.567368	1.015029	1.232580	-4.890853	-11.787007	-1.435370
49115	3.980211	-1.001728	9.911382	-0.642332	1.059122	1.263638	-5.396268	-11.167506	-0.760216
49116	4.198367	-1.486049	9.889338	-0.674261	1.092241	1.291437	-5.912361	-10.476340	-0.075260
49117	4.550322	-1.753611	9.844520	-0.626437	1.149152	1.308904	-6.395515	-9.792425	0.605482
49118	4.743539	-1.859874	9.719404	-0.582785	1.213933	1.335403	-6.842900	-9.017904	1.292726
49119	4.613995	-1.723535	9.454469	-0.586160	1.272600	1.372476	-7.289272	-8.250915	1.986382
49120	4.040489	-1.533016	9.076068	-0.666893	1.301488	1.421322	-7.769890	-7.409580	2.700868
49121	3.169285	-1.711077	8.708599	-0.783335	1.276539	1.483437	-8.317074	-6.621954	3.440629
49122	2.550873	-2.006770	8.611074	-0.836161	1.212300	1.529785	-8.880227	-5.808842	4.206199
49123	2.296875	-2.344249	8.767308	-0.786385	1.152981	1.557895	-9.414066	-5.070866	4.980850
49124	2.115876	-2.551951	9.128503	-0.637200	1.103297	1.562076	-9.843875	-4.302729	5.758447
49125	2.131222	-2.390367	9.640741	-0.455978	1.078183	1.539845	-10.169423	-3.597193	6.516564
49126	2.391961	-1.968835	9.981711	-0.359352	1.094360	1.496331	-10.417492	-2.831941	7.247587
49127	2.467928	-1.656150	9.863924	-0.389145	1.138143	1.454865	-10.683814	-2.094593	7.942857
49128	2.065784	-1.389908	9.499284	-0.511820	1.169000	1.416694	-10.998037	-1.289037	8.612802
49129	1.513015	-1.344177	8.986636	-0.717921	1.166301	1.383349	-11.433456	-0.536319	9.254581
49130	0.706004	-1.302298	8.517785	-0.883245	1.124322	1.340697	-11.942296	0.245101	9.874785
49131	-0.150778	-1.518151	8.334168	-1.081799	1.042638	1.298936	-12.569975	0.930431	10.469264
49132	-0.546352	-2.007055	8.325862	-1.177251	0.924690	1.255815	-13.232840	1.602400	11.051036
49133	-0.357031	-2.469206	8.449836	-1.177871	0.811100	1.202986	-13.903836	2.161340	11.606245
49134	-0.040270	-2.576082	8.581814	-1.072665	0.729428	1.144295	-14.496962	2.722133	12.138465
49135	0.314159	-2.334575	8.792107	-1.055713	0.679178	1.085082	-15.091434	3.204021	12.634635
49136	0.387238	-2.191257	8.622415	-1.104418	0.639615	1.026649	-15.697130	3.708209	13.104088
49137	-0.023557	-2.029325	8.288890	-1.178030	0.601791	0.991264	-16.357019	4.143838	13.549473
49138	-1.060468	-1.918927	8.047694	-1.279945	0.534608	0.963708	-17.058013	4.590585	13.990419
49139	-1.800089	-2.157151	7.742318	-1.404930	0.421031	0.916678	-17.842978	4.927035	14.414297
49140	-2.002026	-2.414985	7.276592	-1.442220	0.277827	0.831717	-18.634851	5.221915	14.817661
49141	-1.909843	-2.725842	7.383358	-1.442307	0.159434	0.736643	-19.442666	5.397532	15.182329
49142	-1.637751	-3.131616	7.635016	-1.424379	0.034112	0.663494	-20.226478	5.539375	15.534053
49143	-1.029680	-3.236575	7.999997	-1.339962	-0.034534	0.580208	-20.979342	5.591813	15.847806
49144	-0.670039	-3.025837	8.182274	-1.303296	-0.058287	0.485684	-21.700649	5.656371	16.119760
49145	-0.658352	-2.653969	8.225281	-1.402495	-0.070348	0.399333	-22.497811	5.660246	16.342356
49146	-0.874758	-2.169491	7.887175	-1.576286	-0.089382	0.330969	-23.382918	5.681329	16.537354
49147	-1.228055	-1.756701	7.596662	-1.841762	-0.140560	0.248980	-24.436995	5.621700	16.695958
49148	-1.307142	-1.997172	7.146874	-2.262396	-0.205867	0.146607	-25.722194	5.544741	16.822294
49149	-1.423250	-2.943508	6.688342	-2.528956	-0.273900	0.044571	-27.175525	5.373400	16.910898
49150	-1.577989	-4.016922	6.498946	-2.607675	-0.354335	-0.045234	-28.664192	5.176091	16.983311
49151	-1.560845	-4.985495	6.430696	-2.450661	-0.432605	-0.146657	-30.077085	4.878457	17.027811
49152	-1.328405	-5.504356	6.359932	-2.160610	-0.492527	-0.256746	-31.314796	4.554879	17.045665
49153	-1.017578	-5.576526	6.377749	-1.867060	-0.531622	-0.356692	-32.399668	4.149506	17.029194
49154	-0.926658	-5.209803	6.359271	-1.645979	-0.554094	-0.451347	-33.347053	3.736646	16.984674
49155	-0.918230	-5.016413	6.356266	-1.594690	-0.584521	-0.536390	-34.279928	3.249727	16.912389
49156	-0.926062	-4.920220	6.256996	-1.552296	-0.618546	-0.607729	-35.174967	2.754210	16.828646
49157	-0.935540	-4.838964	6.407425	-1.624499	-0.663291	-0.682649	-36.124995	2.181015	16.729599
49158	-0.928314	-5.086787	6.373676	-1.733027	-0.715409	-0.758972	-37.122619	1.586726	16.625931
49159	-0.885144	-5.176678	6.455492	-1.791469	-0.755534	-0.853575	-38.166630	0.910193	16.501080
49160	-0.822697	-5.502086	6.534355	-1.858413	-0.784191	-0.958281	-39.234131	0.210346	16.354595
49161	-0.781540	-5.726459	6.471813	-1.851436	-0.789724	-1.080842	-40.308965	-0.567265	16.166835
49162	-0.600223	-5.913953	6.229429	-1.861363	-0.812769	-1.213118	-41.372998	-1.380006	15.946831
49163	-0.301208	-6.077202	6.001617	-1.860521	-0.839644	-1.336005	-42.445544	-2.281610	15.697895
49164	0.033944	-6.085616	5.742660	-1.849235	-0.885013	-1.446882	-43.493909	-3.223576	15.438191
49165	0.312608	-6.177003	5.419817	-1.835485	-0.920596	-1.558954	-44.542101	-4.254834	15.162113
49166	0.505857	-6.151693	5.289364	-1.781467	-0.961688	-1.656358	-45.540763	-5.321567	14.882252
49167	0.674777	-6.269194	5.303939	-1.699888	-0.996151	-1.742181	-46.500360	-6.466755	14.599456
49168	0.754700	-6.294203	5.554641	-1.545790	-1.006452	-1.827659	-47.351261	-7.631328	14.305300
49169	0.727322	-6.286698	5.784020	-1.413677	-1.005732	-1.904145	-48.131528	-8.856166	13.996889
49170	0.707592	-6.423845	6.003087	-1.280449	-1.018109	-1.986872	-48.813773	-10.100952	13.676668
49171	0.913691	-6.754563	6.143383	-1.225044	-1.031153	-2.049676	-49.468927	-11.404445	13.352241
49172	1.297320	-7.247239	6.194466	-1.217699	-1.050129	-2.082387	-50.102056	-12.709808	13.036730
49173	1.625711	-7.446175	6.106941	-1.145148	-1.048387	-2.098464	-50.699866	-14.046697	12.728215
49174	1.828418	-7.275302	5.990530	-1.123886	-1.053667	-2.113124	-51.268850	-15.373218	12.427699
49175	2.080011	-7.464950	5.783559	-1.137769	-1.063283	-2.128068	-51.853606	-16.733532	12.139701
49176	2.359413	-7.698720	5.652321	-1.073986	-1.064121	-2.139905	-52.385979	-18.081369	11.857792
49177	2.546109	-7.804877	5.621302	-0.999393	-1.056339	-2.148923	-52.881878	-19.452799	11.581624
49178	2.787197	-8.040221	5.651909	-0.959640	-1.055270	-2.151764	-53.340065	-20.807504	11.311355
49179	2.957531	-8.144701	5.631753	-0.874616	-1.042218	-2.183249	-53.751592	-22.192944	11.034550
49180	3.198496	-8.147659	5.742775	-0.808855	-1.037044	-2.221357	-54.103989	-23.577235	10.745475
49181	3.460675	-8.101841	5.724901	-0.757036	-1.040741	-2.252235	-54.430331	-24.996270	10.456367
49182	3.728085	-7.740383	5.735700	-0.707037	-1.044603	-2.286710	-54.707328	-26.416498	10.157845
49183	3.888353	-7.446593	5.716993	-0.711986	-1.062128	-2.325575	-54.991284	-27.878475	9.862259
49184	4.174993	-7.464676	5.708042	-0.756955	-1.086875	-2.342241	-55.288328	-29.341284	9.573951
49185	4.506755	-7.303462	5.572192	-0.741452	-1.102847	-2.342430	-55.587464	-30.826061	9.303273
49186	4.632432	-7.042372	5.608692	-0.760230	-1.109956	-2.337237	-55.886059	-32.296521	9.038871
49187	4.851750	-7.161273	5.761985	-0.852405	-1.128419	-2.306679	-56.257135	-33.774073	8.807099
49188	5.147689	-7.208209	5.674096	-0.891000	-1.126527	-2.250881	-56.651160	-35.211264	8.598904
49189	5.294948	-6.722058	5.717529	-0.946481	-1.107622	-2.226305	-57.086322	-36.645217	8.402726
49190	5.227932	-6.534566	5.416371	-1.062053	-1.069668	-2.199918	-57.573225	-38.042711	8.199888
49191	5.242479	-6.564648	5.153091	-1.176779	-1.066302	-2.177934	-58.141915	-39.442100	8.020385
49192	5.566474	-6.924869	4.882857	-1.261180	-1.064093	-2.155165	-58.762151	-40.818972	7.859316
49193	6.136656	-7.723809	4.727138	-1.321851	-1.063917	-2.103890	-59.446347	-42.182746	7.739941
49194	6.525737	-8.201293	4.518146	-1.236578	-1.028408	-2.034748	-60.087285	-43.492190	7.638427
49195	6.508455	-7.704446	4.546476	-1.161365	-0.991832	-1.969984	-60.703381	-44.769030	7.559486
49196	6.577858	-7.129434	4.670804	-1.269385	-0.972649	-1.900647	-61.395801	-45.997126	7.508432
49197	6.877927	-6.461773	4.626979	-1.471696	-0.950538	-1.833797	-62.234265	-47.193562	7.494857
49198	7.138137	-5.736192	4.502232	-1.774573	-0.922359	-1.777808	-63.260385	-48.346420	7.505516
49199	7.449846	-5.413714	4.113184	-2.159139	-0.887462	-1.721890	-64.534800	-49.468174	7.549501
49200	7.734893	-5.514033	3.662440	-2.508144	-0.837145	-1.692423	-66.014017	-50.554730	7.602581
49201	8.087482	-6.090740	3.148932	-2.729183	-0.772827	-1.677116	-67.624031	-51.623993	7.657752
49202	8.269049	-6.990129	2.730805	-2.733695	-0.682558	-1.690374	-69.206841	-52.673376	7.676784
49203	8.398567	-7.825727	2.307320	-2.486003	-0.595853	-1.705821	-70.622327	-53.719311	7.661782
49204	8.333600	-8.280815	2.044457	-2.028596	-0.503779	-1.741200	-71.724759	-54.761445	7.586184
49205	8.290489	-8.018406	1.907453	-1.519775	-0.413598	-1.777352	-72.482321	-55.812303	7.444530
49206	8.287543	-7.334831	1.943970	-1.085082	-0.353257	-1.814039	-72.938870	-56.869482	7.244349
49207	8.513771	-6.637627	1.951345	-0.747132	-0.301340	-1.858356	-73.154238	-57.945510	6.988051
49208	8.743191	-6.177680	1.908680	-0.536190	-0.278431	-1.886722	-73.209542	-59.031032	6.690861
49209	9.077637	-5.741382	1.893982	-0.368106	-0.255232	-1.896563	-73.138684	-60.119706	6.360583
49210	9.244971	-5.421507	1.868907	-0.295925	-0.237040	-1.889414	-72.988201	-61.199474	5.991786
49211	9.324541	-5.293914	1.768587	-0.253120	-0.226064	-1.878444	-72.790601	-62.271987	5.599609
49212	9.428331	-5.121727	1.828133	-0.200058	-0.199586	-1.861888	-72.509194	-63.328972	5.152706
49213	9.321996	-4.902246	1.826805	-0.158737	-0.175345	-1.846020	-72.158100	-64.372666	4.657388
49214	9.319022	-4.594039	1.928886	-0.154785	-0.178006	-1.838322	-71.769178	-65.410465	4.128336
49215	9.680041	-4.394417	1.887644	-0.206274	-0.185403	-1.821806	-71.391912	-66.439369	3.583130
49216	10.110666	-4.325295	1.913080	-0.269615	-0.174240	-1.796373	-71.001188	-67.450623	2.989021
49217	10.675787	-4.413359	1.951060	-0.321838	-0.152174	-1.769513	-70.582901	-68.441483	2.336497
49218	11.129419	-4.418025	1.895869	-0.300031	-0.108758	-1.738937	-70.049425	-69.405427	1.578983
49219	11.186531	-4.256036	1.823223	-0.296811	-0.037302	-1.691931	-69.375143	-70.326605	0.677663
49220	10.974204	-4.059796	1.717407	-0.283830	0.028617	-1.630333	-68.547013	-71.197516	-0.373224
49221	10.829767	-3.747158	1.727437	-0.272083	0.068345	-1.564057	-67.605785	-72.018482	-1.531274
49222	10.789293	-3.426479	1.704499	-0.314464	0.091237	-1.482084	-66.607416	-72.785531	-2.769205
49223	10.835744	-3.138948	1.581212	-0.390352	0.108391	-1.396269	-65.593022	-73.495874	-4.064610
49224	10.882067	-2.990839	1.344010	-0.504151	0.106997	-1.302970	-64.622281	-74.152505	-5.377652
49225	10.666251	-2.874677	1.218350	-0.585315	0.115576	-1.211138	-63.675478	-74.752274	-6.710228
49226	10.340429	-2.690521	1.049666	-0.647951	0.082177	-1.145422	-62.799622	-75.322415	-8.002622
49227	10.097142	-2.559417	0.813785	-0.682268	0.044300	-1.102382	-61.984333	-75.874588	-9.249687
49228	9.887857	-2.430858	0.742294	-0.711329	-0.004628	-1.072491	-61.232983	-76.421893	-10.444830
49229	9.781897	-2.234990	0.782505	-0.753120	-0.075861	-1.041295	-60.623426	-76.968831	-11.516401
49230	9.920960	-2.208192	0.988746	-0.819248	-0.136777	-1.022718	-60.131636	-77.522484	-12.503420
49231	10.132103	-2.556908	1.083574	-0.882153	-0.166103	-1.001481	-59.715293	-78.071161	-13.448320
49232	10.172077	-2.894962	0.968936	-0.776110	-0.165986	-0.992755	-59.173835	-78.614915	-14.456738
49233	10.248010	-2.942521	0.800829	-0.639605	-0.166726	-0.985446	-58.500480	-79.151510	-15.518241
49234	10.278948	-2.801414	0.549320	-0.475842	-0.148268	-0.973197	-57.599600	-79.675268	-16.713587
49235	10.220561	-2.540010	0.378066	-0.316192	-0.139674	-0.960603	-56.511040	-80.184279	-18.005001
49236	10.059511	-2.280235	0.315667	-0.197767	-0.141072	-0.955499	-55.218288	-80.688580	-19.432387
49237	10.053745	-2.024582	0.325810	-0.155874	-0.155677	-0.941022	-53.847428	-81.183072	-20.912881
49238	10.099405	-1.945292	0.526621	-0.173494	-0.168920	-0.907504	-52.412255	-81.663057	-22.466320
49239	10.123614	-2.075333	0.583168	-0.220844	-0.179644	-0.853282	-51.034273	-82.114400	-23.987905
49240	10.172575	-2.343458	0.531836	-0.195781	-0.190727	-0.794803	-49.633834	-82.540768	-25.515693
49241	10.349864	-2.463097	0.472413	-0.122741	-0.207605	-0.726520	-48.327721	-82.936564	-26.905105
49242	10.470383	-2.359672	0.432146	-0.027769	-0.207520	-0.650069	-47.014603	-83.298145	-28.245300
49243	10.584587	-2.140075	0.399512	0.035407	-0.190591	-0.582455	-45.752532	-83.618487	-29.497046
49244	10.612885	-2.014090	0.539519	0.067976	-0.137799	-0.523500	-44.306702	-83.892732	-30.913852
49245	10.479334	-2.015947	0.875377	0.138335	-0.114315	-0.457656	-42.937874	-84.124392	-32.212303
49246	10.346249	-1.654992	1.267770	0.199007	-0.107548	-0.388470	-41.624007	-84.326036	-33.419804
49247	10.339398	-0.903446	1.436510	0.191479	-0.090527	-0.333600	-40.486017	-84.493654	-34.454735
49248	10.250127	-0.068779	1.472392	0.018027	-0.090404	-0.290871	-39.499670	-84.646803	-35.436699
49249	10.310100	0.477037	1.301419	-0.485508	-0.092414	-0.214410	-39.208940	-84.768572	-36.009702
49250	10.200190	0.238740	0.904879	-1.013239	-0.105400	-0.144969	-39.520583	-84.874296	-36.281257
49251	10.069551	-0.582565	0.612620	-1.241829	-0.138467	-0.099584	-40.402631	-84.975014	-36.111675
49252	10.012749	-1.177210	0.509709	-1.287475	-0.162299	-0.073706	-41.493827	-85.079227	-35.758372
49253	9.968245	-1.548510	0.663628	-1.193824	-0.177159	-0.055171	-42.798451	-85.178753	-35.137107
49254	9.877878	-1.264011	0.916475	-1.021393	-0.178735	-0.046570	-44.018191	-85.277701	-34.501940
49255	9.852885	-0.861603	1.203625	-1.010665	-0.175776	-0.035439	-45.391959	-85.365858	-33.706126
49256	9.853023	-0.867463	1.317900	-1.054699	-0.168759	-0.028665	-46.749613	-85.450879	-32.951914
49257	9.883124	-1.241183	1.212909	-1.027321	-0.155506	-0.028219	-48.137820	-85.524565	-32.151293
49258	9.924508	-1.525343	1.157799	-0.920146	-0.139947	-0.026783	-49.343603	-85.594970	-31.472248
49259	9.989307	-1.547990	1.196352	-0.786712	-0.117502	-0.027152	-50.445777	-85.650741	-30.820289
49260	10.074168	-1.602820	1.135944	-0.687918	-0.101547	-0.023767	-51.360123	-85.703882	-30.300185
49261	10.119252	-1.725621	1.034570	-0.530519	-0.077385	-0.016458	-52.163332	-85.738175	-29.800814
49262	10.100251	-1.659463	0.982949	-0.349385	-0.064870	-0.010832	-52.748747	-85.771538	-29.416104
49263	9.988119	-1.403403	0.872073	-0.186997	-0.052327	-0.002076	-53.284488	-85.788972	-28.987513
49264	9.906024	-1.183330	0.874510	-0.097077	-0.053020	0.008892	-53.754815	-85.808660	-28.573273
49265	9.890596	-0.958345	0.785774	-0.016018	-0.047598	0.009925	-54.223919	-85.817873	-28.113217
49266	9.831312	-0.702546	0.796089	0.007825	-0.052187	0.009981	-54.640768	-85.836273	-27.692350
49267	9.907667	-0.631111	0.771848	-0.024323	-0.057471	0.002591	-55.146926	-85.851445	-27.199878
49268	9.991335	-0.592471	0.712859	-0.076240	-0.042498	-0.007157	-55.478989	-85.874270	-26.912331
49269	10.038688	-0.726077	0.607266	-0.131168	-0.027026	-0.009847	-55.793495	-85.884990	-26.673368
49270	10.029928	-0.875223	0.404099	-0.161002	-0.009423	-0.017739	-55.913310	-85.901983	-26.647316
49271	9.934263	-1.045937	0.272924	-0.167676	0.002357	-0.016737	-56.024453	-85.906413	-26.633190
49272	9.822186	-1.162946	0.088738	-0.123938	0.008249	-0.021102	-55.991144	-85.919322	-26.739365
49273	9.713361	-1.214026	0.013260	-0.077699	-0.000554	-0.017476	-56.070334	-85.924917	-26.705573
49274	9.648915	-1.247109	-0.036124	-0.003400	-0.010911	-0.022791	-56.088102	-85.944747	-26.691303
49275	9.655508	-1.156706	-0.085390	0.070545	-0.026176	-0.020829	-56.245352	-85.959963	-26.494097
49276	9.648600	-1.034181	-0.066098	0.125167	-0.034393	-0.032804	-56.304257	-85.992013	-26.364747
49277	9.706421	-0.875554	0.000351	0.148911	-0.050003	-0.038794	-56.506414	-86.023249	-26.077523
49278	9.683544	-0.824447	0.116958	0.152862	-0.056582	-0.040149	-56.674116	-86.065744	-25.823223
49279	9.761712	-0.821062	0.231827	0.149632	-0.059393	-0.042828	-56.934131	-86.101761	-25.477611
49280	9.750006	-0.731986	0.280999	0.137504	-0.051118	-0.044979	-57.059171	-86.144728	-25.274916
49281	9.751647	-0.674805	0.261512	0.113906	-0.047725	-0.047825	-57.243109	-86.179384	-25.026081
49282	9.729328	-0.705175	0.252422	0.080664	-0.045470	-0.047226	-57.356687	-86.221595	-24.867534
49283	9.801846	-0.697968	0.261341	0.054860	-0.045449	-0.049330	-57.558248	-86.256240	-24.634952
49284	9.835970	-0.708248	0.210121	0.025810	-0.043772	-0.041537	-57.724411	-86.295096	-24.455220
49285	9.895396	-0.756109	0.302251	0.000058	-0.046332	-0.042370	-58.005314	-86.326576	-24.174602
49286	9.959592	-0.768659	0.361065	-0.013554	-0.043625	-0.036406	-58.225540	-86.362775	-23.963315
49287	10.053948	-0.783474	0.530369	-0.021224	-0.042895	-0.029632	-58.561521	-86.386815	-23.639722
49288	10.067628	-0.733659	0.723381	-0.042709	-0.026458	-0.023090	-58.736495	-86.411236	-23.490529
49289	10.003398	-0.771368	0.813228	-0.057437	-0.021198	-0.019642	-58.974042	-86.423656	-23.286322
49290	9.938843	-0.806115	0.763675	-0.075256	-0.007589	-0.012832	-59.071336	-86.437393	-23.233654
49291	9.959135	-0.783839	0.643832	-0.060746	-0.008435	-0.016760	-59.220944	-86.444375	-23.119403
49292	9.914192	-0.709797	0.462230	-0.061841	0.000070	-0.023791	-59.198834	-86.461231	-23.178669
49293	9.926265	-0.704901	0.393835	-0.062403	0.000459	-0.031932	-59.204659	-86.472966	-23.209393
49294	9.919910	-0.837898	0.316980	-0.067466	-0.003429	-0.039925	-59.135800	-86.498766	-23.318725
49295	9.917363	-0.986952	0.222411	-0.033206	-0.003017	-0.040559	-59.110142	-86.515716	-23.364208
49296	9.896578	-1.052608	0.215977	0.025866	0.000776	-0.043657	-58.933040	-86.542074	-23.528406
49297	9.844418	-1.086070	0.241372	0.069722	0.006752	-0.035216	-58.795217	-86.553325	-23.627146
49298	9.846992	-1.064915	0.226475	0.116375	0.005426	-0.027365	-58.604944	-86.570248	-23.752584
49299	9.811500	-0.926173	0.261928	0.139711	0.006385	-0.025103	-58.480388	-86.576409	-23.797826
49300	9.849571	-0.680329	0.278276	0.145552	0.000978	-0.021081	-58.339006	-86.591542	-23.857537
49301	9.841633	-0.557468	0.299315	0.099794	0.004117	-0.026894	-58.245961	-86.599180	-23.894103
49302	9.883876	-0.553972	0.342507	0.037096	0.003198	-0.023995	-58.132151	-86.615029	-23.988445
49303	9.890393	-0.772972	0.214325	0.004105	0.001011	-0.022826	-58.138152	-86.621698	-23.980708
49304	9.878438	-0.908522	0.172957	0.011241	-0.000161	-0.022768	-58.072081	-86.637939	-24.042067
49305	9.847155	-0.873974	0.203931	0.025925	0.004903	-0.018250	-58.058162	-86.641148	-24.041745
49306	9.839836	-0.839075	0.238985	0.030541	-0.004557	-0.010163	-58.082121	-86.652571	-24.001845
49307	9.822113	-0.841143	0.340599	0.044863	-0.009498	-0.008800	-58.227191	-86.655451	-23.831372
49308	9.841724	-0.735727	0.346586	0.054262	-0.009844	-0.008209	-58.292540	-86.667488	-23.736400
49309	9.873457	-0.631683	0.424689	0.032502	-0.008589	-0.002310	-58.470749	-86.666804	-23.539800
49310	9.906467	-0.698636	0.392700	-0.005626	-0.007656	0.002166	-58.606504	-86.673069	-23.408678
49311	9.900311	-0.836129	0.316699	-0.013278	-0.006894	0.008965	-58.852576	-86.666267	-23.170349
49312	9.910621	-0.940203	0.279882	-0.007556	-0.002615	0.023039	-59.053208	-86.660721	-22.975348
49313	9.854925	-0.911034	0.305864	0.001730	-0.003706	0.025658	-59.345828	-86.644531	-22.681746
49314	9.842048	-0.829704	0.357982	0.005546	-0.012492	0.043406	-59.720164	-86.631663	-22.305218
49315	9.887624	-0.710830	0.350952	0.017330	-0.011254	0.042506	-60.142632	-86.608944	-21.872542
49316	9.858675	-0.528710	0.473043	-0.001479	-0.010575	0.041316	-60.487896	-86.596252	-21.529157
49317	9.854210	-0.428710	0.474489	-0.045524	-0.003503	0.026738	-60.796204	-86.578936	-21.246882
49318	9.840325	-0.534112	0.433476	-0.081995	-0.000551	0.008626	-60.946617	-86.579592	-21.144906
49319	9.831602	-0.689166	0.374205	-0.102219	0.001948	-0.006045	-61.083973	-86.577187	-21.066415
49320	9.855170	-0.822972	0.268608	-0.108554	0.008363	-0.020297	-61.040478	-86.589835	-21.173939
49321	9.816733	-0.977419	0.239323	-0.101249	0.011253	-0.025555	-61.008046	-86.594594	-21.264961
49322	9.799519	-1.061674	0.216144	-0.077788	0.012990	-0.025314	-60.883274	-86.608435	-21.436245
49323	9.784573	-1.128093	0.176811	-0.042635	0.015271	-0.023911	-60.792012	-86.611059	-21.552524
49324	9.823164	-1.109207	0.237755	-0.002230	0.011068	-0.009552	-60.713237	-86.617504	-21.634363
49325	9.807692	-0.955052	0.294288	0.033891	0.012660	-0.004826	-60.692436	-86.611071	-21.636095
49326	9.792159	-0.801155	0.350832	0.037449	0.009097	-0.002545	-60.640557	-86.614541	-21.668219
49327	9.848696	-0.644473	0.419690	0.031832	0.007373	-0.004915	-60.664969	-86.609517	-21.625810
49328	9.867551	-0.591472	0.443317	0.001517	0.011614	-0.012564	-60.564686	-86.617259	-21.727049
49329	9.852485	-0.658602	0.404424	-0.021491	0.012851	-0.020932	-60.494985	-86.618701	-21.809502
49330	9.879605	-0.724365	0.407805	-0.023195	0.009840	-0.027088	-60.353250	-86.634143	-21.966449
49331	9.862442	-0.808413	0.385515	-0.021478	0.018789	-0.025446	-60.209366	-86.636101	-22.123183
49332	9.845282	-0.892764	0.363742	-0.001866	0.019273	-0.020141	-60.007161	-86.645326	-22.328462
49333	9.804827	-0.926005	0.322253	0.028802	0.017320	-0.018552	-59.879389	-86.644116	-22.440164
49334	9.799634	-0.873263	0.342878	0.052781	0.021323	-0.011379	-59.670338	-86.648321	-22.620937
49335	9.798838	-0.785290	0.330466	0.063478	0.016597	-0.009031	-59.575861	-86.642439	-22.679353
49336	9.847602	-0.730013	0.325192	0.058985	0.012306	-0.008881	-59.451227	-86.647962	-22.772004
49337	9.915941	-0.709098	0.357105	0.053435	0.013916	-0.014527	-59.357418	-86.645511	-22.835494
49338	9.917549	-0.741711	0.358043	0.041991	0.014894	-0.019736	-59.165782	-86.655577	-23.005018
49339	9.899623	-0.739507	0.321596	0.030145	0.016209	-0.020112	-59.036992	-86.655144	-23.116896
49340	9.929082	-0.787366	0.309703	0.030325	0.020297	-0.025415	-58.776128	-86.666316	-23.362459
49341	9.905208	-0.785729	0.307531	0.024597	0.017816	-0.025760	-58.607495	-86.668079	-23.517412
49342	9.839320	-0.785164	0.262666	0.026743	0.017898	-0.023195	-58.377881	-86.678759	-23.733728
49343	9.825814	-0.750643	0.333248	0.020612	0.015759	-0.018707	-58.264822	-86.677595	-23.835283
49344	9.801876	-0.749996	0.330448	0.015726	0.011827	-0.013711	-58.140348	-86.685404	-23.952603
49345	9.818327	-0.714228	0.370710	0.006204	0.011399	-0.012296	-58.105160	-86.682373	-23.984403
49346	9.796597	-0.696157	0.350765	-0.007562	0.008200	-0.014768	-58.018363	-86.691758	-24.077350
49347	9.814652	-0.694703	0.389677	-0.021498	0.006839	-0.016464	-58.014769	-86.692107	-24.093382
49348	9.854036	-0.758944	0.325235	-0.025235	0.012218	-0.017987	-57.886654	-86.701802	-24.237860
49349	9.879773	-0.790472	0.329747	-0.024831	0.011872	-0.022822	-57.808343	-86.703660	-24.330624
49350	9.903324	-0.839463	0.351085	-0.023868	0.017090	-0.024039	-57.604865	-86.714738	-24.549803
49351	9.887139	-0.871607	0.313499	-0.019167	0.016927	-0.023734	-57.475394	-86.715370	-24.690533
49352	9.873177	-0.886187	0.259276	-0.009997	0.015114	-0.019064	-57.305566	-86.724566	-24.868047
49353	9.863381	-0.868818	0.311981	-0.002974	0.013210	-0.016964	-57.235228	-86.722942	-24.940227
49354	9.875882	-0.816405	0.369823	-0.003672	0.014640	-0.009326	-57.117674	-86.727536	-25.061750
49355	9.872595	-0.746542	0.373132	-0.001635	0.019908	-0.009254	-57.032541	-86.720001	-25.147951
49356	9.795056	-0.697707	0.380138	-0.019320	0.017980	-0.007962	-56.903171	-86.722848	-25.290294
49357	9.825129	-0.694814	0.352354	-0.040803	0.024010	-0.009447	-56.805143	-86.714060	-25.411868
49358	9.856890	-0.726089	0.323829	-0.057967	0.022474	-0.015028	-56.621609	-86.718821	-25.630644
49359	9.846946	-0.709090	0.377114	-0.060178	0.024949	-0.018859	-56.475788	-86.714181	-25.811196
49360	9.810672	-0.759597	0.317820	-0.081159	0.019502	-0.018181	-56.312235	-86.721297	-26.023269
49361	9.831980	-0.827324	0.355444	-0.081233	0.016133	-0.014923	-56.273834	-86.717503	-26.108291
49362	9.813634	-0.878256	0.333768	-0.067183	0.018259	-0.015233	-56.128356	-86.723549	-26.294239
49363	9.861695	-0.875015	0.343483	-0.057664	0.012776	-0.012116	-56.120738	-86.719374	-26.334868
49364	9.880127	-0.822066	0.367187	-0.046282	0.014408	-0.008127	-56.034582	-86.723226	-26.449403
49365	9.846625	-0.754778	0.399674	-0.038962	0.011434	-0.008825	-56.046322	-86.717810	-26.459879
49366	9.872872	-0.735067	0.388273	-0.041056	0.008744	-0.010163	-55.992665	-86.724414	-26.538865
49367	9.872917	-0.734132	0.388901	-0.048091	0.010614	-0.012284	-55.996718	-86.720848	-26.562253
49368	9.870261	-0.803092	0.421365	-0.047508	0.008441	-0.017908	-55.905536	-86.731199	-26.682529
49369	9.878746	-0.782149	0.371392	-0.037800	0.007077	-0.020077	-55.888903	-86.732392	-26.720701
49370	9.854385	-0.833726	0.382998	-0.038038	0.011492	-0.020540	-55.751173	-86.742970	-26.882164
49371	9.878030	-0.882995	0.403704	-0.030829	0.013708	-0.023719	-55.654576	-86.743652	-26.996399
