// Start Time: Unknown
// Update Rate: 100.0Hz
// Filter Profile: human (46.1)
// Firmware Version: 4.3.5
PacketCounter	Acc_X	Acc_Y	Acc_Z	VelInc_X	VelInc_Y	VelInc_Z	Roll	Pitch	Yaw
08244	2.269488	7.850520	9.091252	0.021851	0.078797	0.090866	40.931141	-10.297233	-30.555873
08245	2.866119	8.275506	9.373835	0.027583	0.083135	0.093723	41.059111	-9.949711	-33.400886
08246	3.292310	8.631749	9.690992	0.031710	0.086748	0.096927	40.729100	-11.032719	-34.271636
08247	3.161909	8.707493	9.094951	0.030495	0.087457	0.090965	40.408854	-12.226609	-35.193868
08248	2.692423	8.668878	8.107059	0.026002	0.086956	0.081084	40.221638	-13.226777	-36.110415
08249	2.721568	8.961885	7.906074	0.026281	0.089888	0.079069	40.284524	-14.340613	-37.120015
08250	3.088102	8.723365	8.198452	0.029783	0.087614	0.081983	40.015683	-15.501459	-38.035236
08251	3.173046	8.133244	8.700423	0.030443	0.081797	0.087025	40.478505	-16.772778	-39.209807
08252	3.575184	8.028786	9.695777	0.034211	0.080879	0.097017	40.140091	-18.163424	-40.176413
08253	4.206883	8.187764	10.680802	0.040277	0.082653	0.106896	40.380243	-19.479607	-41.450439
08254	4.804352	8.000995	11.300897	0.046108	0.080950	0.113139	39.885584	-21.001279	-42.509913
08255	4.572755	7.322389	11.293898	0.043725	0.074139	0.113128	39.466160	-22.345151	-43.720415
08256	4.657202	7.307745	11.105223	0.044444	0.073978	0.111319	39.121165	-24.055493	-45.081045
08257	4.313355	7.205488	10.837252	0.040942	0.072936	0.108624	38.171870	-25.427414	-46.264292
08258	4.091283	6.728334	10.680323	0.038717	0.068145	0.107066	37.959561	-27.283299	-47.832972
08259	4.391503	6.961315	11.371609	0.041531	0.070597	0.113995	36.813152	-28.350556	-49.058039
08260	4.924025	6.739990	12.011751	0.046751	0.068580	0.120433	36.495606	-30.245332	-50.748058
08261	4.417587	5.503376	12.036731	0.041723	0.056249	0.120670	35.023347	-30.931644	-51.969816
08262	4.496447	4.962886	12.644571	0.042284	0.051022	0.126803	34.699410	-32.863189	-53.893975
08263	4.339393	4.743042	12.285489	0.040711	0.048954	0.123162	32.558890	-33.441886	-54.997608
08264	3.762699	5.113014	11.641792	0.035122	0.052607	0.116530	32.192718	-35.457314	-57.145918
08265	3.337438	5.827442	10.850758	0.031208	0.059615	0.108414	30.194369	-35.802714	-58.530106
08266	2.754340	5.771173	10.422971	0.025647	0.059055	0.103952	30.063709	-37.595780	-61.184506
08267	2.261213	4.101547	10.383242	0.020785	0.042493	0.103611	28.817653	-37.544428	-62.766284
08268	2.828779	2.931326	9.961228	0.026442	0.030705	0.099691	28.748953	-39.114655	-65.825520
08269	3.362641	2.959822	9.155527	0.031811	0.030652	0.091849	27.197132	-38.575794	-67.112815
08270	3.443619	3.449677	8.862217	0.032499	0.035225	0.089058	28.017726	-40.608354	-70.789373
08271	2.762088	3.627987	8.301436	0.025671	0.036754	0.083422	28.308188	-41.065800	-71.003004
08272	1.919002	4.238431	7.365306	0.017646	0.042646	0.073882	30.668743	-43.174815	-75.908445
08273	2.157577	5.656265	6.647098	0.020750	0.056543	0.066748	32.216478	-43.124787	-80.913262
08274	2.130574	7.249349	5.480401	0.021604	0.072227	0.055038	35.164268	-43.951215	-85.798467
08275	2.302534	7.654672	4.658066	0.023757	0.076118	0.046912	37.727778	-42.920234	-87.487447
08276	3.405701	8.563024	4.126759	0.035036	0.084942	0.041859	40.611795	-43.076896	-91.815260
08277	4.830725	9.752582	4.193641	0.049292	0.096662	0.042772	43.089995	-41.653777	-92.630830
08278	6.281181	11.358081	4.096652	0.063742	0.112708	0.041918	45.142320	-41.754641	-95.649913
08279	6.972632	12.959593	3.623635	0.070457	0.128974	0.037027	46.811589	-40.704324	-97.848022
08280	8.807007	14.136841	3.367673	0.088326	0.141024	0.034440	47.714595	-41.078756	-99.285942
08281	9.590916	14.467122	3.148967	0.095642	0.144652	0.032373	49.271817	-40.600627	-100.040720
08282	9.287655	14.559642	3.421220	0.092207	0.145741	0.035378	50.027656	-41.387697	-100.599327
08283	9.809329	14.222264	4.330026	0.097035	0.142473	0.044821	52.156165	-41.402717	-101.445034
08284	9.888845	14.076297	4.996966	0.097546	0.141024	0.051822	53.285876	-42.587988	-101.921312
08285	10.261707	13.867056	5.011848	0.101274	0.138805	0.052404	56.204121	-42.860232	-102.938602
08286	10.422600	13.515923	5.253718	0.102805	0.135173	0.055204	58.154690	-44.135975	-103.919133
08287	10.074445	13.258097	5.619263	0.099178	0.132507	0.059051	61.735408	-44.599244	-105.434629
08288	9.962967	13.362731	5.923646	0.097897	0.133481	0.062338	64.318184	-45.995876	-106.998014
08289	10.343287	13.844409	6.058186	0.101547	0.138256	0.064060	68.353401	-46.506575	-108.954859
08290	10.554570	13.979775	5.754169	0.103429	0.139786	0.061241	71.506705	-48.029841	-110.918079
08291	9.850737	13.996802	5.561414	0.095979	0.140230	0.059202	75.485988	-48.900594	-112.892287
08292	8.523225	13.323742	5.785638	0.082465	0.133512	0.061091	78.769679	-50.841609	-114.977938
08293	7.231083	11.752822	6.419928	0.069438	0.117687	0.066978	82.626470	-51.969926	-117.095867
08294	6.020338	10.714823	7.154651	0.057171	0.107174	0.073921	86.238369	-54.199829	-119.600832
08295	5.118835	9.969731	7.075064	0.048198	0.099694	0.072795	89.886118	-55.514477	-121.991424
08296	4.118965	9.333210	5.895455	0.038519	0.093304	0.060748	93.954113	-57.708180	-125.034578
08297	3.198102	8.322788	5.068133	0.029695	0.083087	0.052254	97.656885	-58.774784	-127.701962
08298	2.718859	7.269478	4.592486	0.025250	0.072474	0.047338	102.602962	-60.501019	-131.503181
08299	2.449264	6.457937	4.322203	0.022822	0.064275	0.044552	106.660791	-61.093647	-134.525336
08300	2.563869	6.109287	3.787494	0.024155	0.060839	0.039217	112.397370	-62.267718	-138.890715
08301	2.462629	5.668060	3.076611	0.023319	0.056542	0.031998	116.528332	-62.628651	-142.060683
08302	2.265150	5.059203	2.399570	0.021531	0.050546	0.025082	122.625362	-63.501336	-146.844793
08303	2.191638	4.435265	1.791588	0.020983	0.044395	0.018884	126.808557	-63.712096	-150.199059
08304	1.725798	3.648389	1.219137	0.016547	0.036541	0.012966	133.049844	-64.202090	-155.126058
08305	1.231853	2.959608	0.824732	0.011786	0.029633	0.008857	137.107573	-64.174097	-158.348064
08306	1.064315	2.559897	0.241280	0.010264	0.025696	0.002933	143.010039	-64.269119	-162.856225
08307	0.660704	1.872117	-0.531853	0.006404	0.018885	-0.004969	146.598784	-64.117703	-165.613146
08308	0.552288	1.065707	-1.127118	0.005475	0.010891	-0.011067	151.925809	-64.059518	-169.673936
08309	0.427952	0.580763	-1.586796	0.004318	0.006083	-0.015753	155.188134	-63.890246	-172.151435
08310	0.475656	0.087837	-1.913680	0.004863	0.001193	-0.019092	159.786419	-63.739677	-175.543461
08311	0.604948	-0.807933	-2.262473	0.006251	-0.007710	-0.022697	162.550333	-63.520008	-177.406516
08312	0.438216	-1.057591	-2.973881	0.004603	-0.010137	-0.029857	166.513556	-63.389088	179.855063
08313	0.085579	-1.191125	-4.089502	0.001055	-0.011388	-0.041038	168.910808	-63.309508	178.450422
08314	0.384460	-1.753133	-4.678574	0.004029	-0.016969	-0.046976	172.189316	-63.387865	176.225679
08315	0.648211	-2.437662	-5.072540	0.006661	-0.023826	-0.050962	174.381045	-63.481765	174.911475
08316	0.947303	-2.917345	-5.504381	0.009607	-0.028590	-0.055325	177.332664	-63.776484	172.781357
08317	1.937859	-3.181561	-5.563172	0.019444	-0.031128	-0.055995	179.360636	-63.929184	171.921351
08318	3.162119	-3.476758	-4.881732	0.031648	-0.034077	-0.049282	-178.193098	-64.270635	170.572226
08319	4.070469	-3.965921	-4.394023	0.040701	-0.039004	-0.044523	-176.419794	-64.428842	170.332374
08320	4.834024	-4.369146	-4.426997	0.048301	-0.043040	-0.044943	-174.183932	-64.934517	169.156757
08321	5.148994	-4.521555	-4.603078	0.051438	-0.044550	-0.046729	-172.159245	-65.238089	168.527978
08322	5.651763	-4.543287	-4.452023	0.056431	-0.044797	-0.045264	-169.883624	-65.839247	167.168689
08323	6.483836	-4.958143	-4.466921	0.064712	-0.048946	-0.045540	-167.823588	-66.200268	166.611912
08324	6.882745	-5.334516	-4.738100	0.068659	-0.052650	-0.048386	-165.417225	-66.911445	165.200040
08325	7.074799	-5.579357	-4.997836	0.070554	-0.055018	-0.051094	-162.599962	-67.419367	163.892469
08326	7.555131	-6.465898	-4.872839	0.075474	-0.063748	-0.050022	-158.993401	-68.246224	161.055575
08327	7.690378	-6.857850	-4.190345	0.076971	-0.067617	-0.043307	-154.611823	-68.715316	158.040645
08328	7.797924	-6.907531	-3.168716	0.078192	-0.068170	-0.033077	-149.942309	-69.405777	153.956022
08329	7.911442	-7.470135	-2.422990	0.079392	-0.073932	-0.025623	-145.280017	-69.651260	150.565390
08330	7.876111	-8.165329	-1.733560	0.078965	-0.081132	-0.018773	-141.413620	-70.179670	147.523754
08331	7.543359	-7.992004	-1.761282	0.075375	-0.079637	-0.019067	-138.108609	-70.398970	146.074001
08332	7.209903	-8.274208	-1.998994	0.071859	-0.082592	-0.021407	-135.603410	-71.052406	144.796459
08333	7.001778	-8.868851	-2.678164	0.069720	-0.088510	-0.028104	-132.808509	-71.311800	143.731968
08334	7.009459	-8.836657	-3.506871	0.069822	-0.088093	-0.036273	-129.905100	-71.897688	141.570590
08335	7.381764	-8.630574	-3.283319	0.073725	-0.085940	-0.033973	-125.921730	-71.867749	138.875655
08336	7.736729	-8.347659	-2.775486	0.077508	-0.082983	-0.028812	-121.610312	-72.017404	134.751619
08337	7.981614	-8.093738	-2.034603	0.080175	-0.080319	-0.021351	-116.766193	-71.397994	130.777418
08338	8.273932	-7.874672	-0.649710	0.083154	-0.078210	-0.007557	-112.520162	-71.219563	126.681044
08339	8.317379	-7.313317	0.718177	0.083392	-0.072976	0.006149	-109.236804	-70.769935	124.792345
08340	8.811160	-6.612211	1.539717	0.088079	-0.066351	0.014568	-107.215420	-71.098560	123.432653
08341	8.590402	-6.970521	0.832426	0.085644	-0.070095	0.007695	-105.940975	-71.150589	123.572181
08342	8.239352	-7.556211	-1.251074	0.081952	-0.075934	-0.013134	-104.701632	-71.837416	122.772595
08343	8.843011	-7.195195	-2.445305	0.088035	-0.072196	-0.025147	-102.614191	-71.893899	121.711232
08344	9.659551	-6.091201	-2.163612	0.096410	-0.060911	-0.022447	-99.732795	-72.081410	118.706840
08345	10.378721	-4.928842	-1.382159	0.103785	-0.048992	-0.014841	-96.231362	-71.418960	106.342638
08346	11.341018	-4.291548	0.696644	0.113669	-0.042398	0.005774	-92.583253	-70.995029	102.439393
08347	11.708305	-4.175832	3.167259	0.117516	-0.041374	0.030545	-89.643832	-70.143254	92.199049
08348	11.486096	-4.328454	4.283965	0.115220	-0.043243	0.041905	-87.105852	-69.951041	89.869727
08349	11.014949	-4.551938	3.713988	0.110294	-0.045730	0.036444	-85.299528	-69.621474	82.137362
08350	10.563473	-4.687401	1.920556	0.105675	-0.046993	0.018683	-83.775368	-69.679122	80.647194
08351	10.053310	-4.590992	0.298034	0.100644	-0.045692	0.002540	-82.578502	-69.002777	73.900252
08352	9.807503	-3.721942	-0.559922	0.098266	-0.036633	-0.006078	-81.442964	-68.195415	72.185653
08353	9.722533	-2.791047	-0.699861	0.097437	-0.026987	-0.007622	-80.453470	-66.602699	66.104432
08354	9.826845	-2.610471	0.075346	0.098593	-0.024847	-0.000021	-79.285567	-64.980260	64.240741
08355	9.979864	-2.983041	1.970311	0.100376	-0.028356	0.018906	-78.397854	-62.911643	59.127861
08356	9.810835	-4.125585	3.729106	0.098927	-0.039846	0.036641	-77.672713	-61.229171	58.001591
08357	9.355424	-5.452290	4.375827	0.094555	-0.053088	0.043357	-77.523795	-59.289685	54.639617
08358	8.207168	-6.406081	4.231571	0.083187	-0.062657	0.042228	-77.770210	-57.569946	54.214583
08359	7.270969	-6.703924	3.453534	0.073812	-0.065745	0.034671	-78.344734	-55.623158	51.423619
08360	6.058532	-6.420307	2.060181	0.061632	-0.063107	0.020864	-79.054285	-53.841313	51.047041
08361	5.247405	-5.972404	0.792552	0.053393	-0.058872	0.008129	-79.619837	-51.822155	48.535447
08362	5.017157	-5.599594	0.656617	0.051015	-0.055214	0.006651	-79.956886	-50.066341	47.953384
08363	4.441520	-5.839595	1.031748	0.045363	-0.057640	0.010421	-80.269606	-48.008743	45.225917
08364	4.205408	-6.250907	1.978879	0.043143	-0.061720	0.019904	-80.521867	-46.135285	44.569858
08365	4.403970	-6.896609	2.862134	0.045353	-0.068029	0.028797	-80.850012	-43.964181	42.323938
08366	4.461618	-7.297679	2.826796	0.046135	-0.071894	0.028582	-81.398506	-41.785502	41.602113
08367	3.870296	-6.348453	2.247944	0.040065	-0.062483	0.022873	-82.243580	-39.258699	41.383745
08368	2.298981	-5.960113	1.837774	0.024305	-0.058892	0.018939	-83.327599	-36.848290	40.964496
08369	1.605971	-5.808490	1.545263	0.017322	-0.057565	0.016003	-84.353535	-34.241018	40.812332
08370	1.755655	-5.007036	1.465001	0.018544	-0.049611	0.014976	-85.080013	-32.085492	40.411336
08371	2.116731	-4.056306	1.660813	0.021910	-0.040105	0.016748	-85.536113	-29.929385	40.266056
08372	2.248040	-3.754447	1.929778	0.023139	-0.037104	0.019365	-85.844267	-28.088891	39.960404
08373	2.038475	-4.526710	2.736554	0.021137	-0.044897	0.027400	-85.961701	-26.180199	39.887216
08374	1.509805	-5.888481	3.840630	0.015934	-0.058662	0.038407	-85.952798	-24.714285	39.693308
08375	1.042260	-6.268943	4.440198	0.011180	-0.062575	0.044377	-85.837924	-23.317885	39.635244
08376	0.856992	-6.256315	3.837269	0.009357	-0.062482	0.038317	-85.626888	-22.163672	39.151975
08377	1.067542	-5.807393	3.656589	0.011585	-0.057931	0.036512	-85.352982	-20.626699	38.497974
08378	0.614941	-6.061944	3.241606	0.007131	-0.060507	0.032420	-85.201424	-19.141269	37.764249
08379	-0.051358	-6.571291	3.242021	0.000386	-0.065763	0.032316	-84.757654	-17.687254	37.182886
08380	0.559490	-6.852668	4.025320	0.006346	-0.068655	0.039919	-84.088291	-16.741698	36.618272
08381	1.000512	-7.795423	4.877590	0.010768	-0.078149	0.048296	-83.258066	-15.712675	36.203430
08382	0.803095	-7.978667	5.237865	0.008768	-0.080056	0.051844	-82.439669	-14.910038	35.815907
08383	0.720400	-7.727276	4.723279	0.007892	-0.077604	0.046572	-81.309669	-13.992057	35.305101
08384	0.953119	-7.683231	4.214431	0.010136	-0.077224	0.041273	-79.969431	-13.330621	34.778156
08385	0.386477	-7.545202	4.068000	0.004406	-0.075977	0.039627	-78.218606	-12.523273	34.325683
08386	-0.123970	-7.703910	4.111428	-0.000846	-0.077746	0.039762	-76.148554	-12.067471	34.018685
08387	0.414996	-7.255848	4.266865	0.004373	-0.073506	0.040976	-73.365680	-11.644412	33.725897
08388	0.867028	-6.016731	5.131169	0.008761	-0.061579	0.049576	-70.104007	-11.560068	33.577422
08389	1.057334	-3.281838	5.720245	0.010234	-0.034756	0.056094	-66.193297	-12.104852	33.556600
08390	0.648992	-5.106744	7.234936	0.005325	-0.053788	0.070419	-61.954073	-13.722402	33.714349
08391	0.942487	-6.335531	8.157237	0.007462	-0.066673	0.079049	-57.315243	-15.803177	33.835502
08392	1.930980	-5.690004	10.219013	0.016404	-0.061376	0.100031	-52.708114	-18.787172	34.139017
08393	3.434320	-5.239457	12.197518	0.030785	-0.057946	0.120340	-47.979335	-22.082435	33.851551
08394	5.269697	-5.936096	12.664957	0.048814	-0.065537	0.125077	-43.245278	-25.680731	33.015864
08395	5.598567	-6.358849	11.891345	0.052159	-0.069641	0.117174	-38.008966	-29.059512	31.339163
08396	5.858156	-5.944608	10.965479	0.055082	-0.065307	0.108048	-32.541500	-32.404161	29.423891
08397	6.120531	-4.823928	10.581586	0.058158	-0.054009	0.104672	-26.610444	-35.325208	27.013162
08398	6.300217	-3.846758	10.390127	0.060381	-0.044047	0.103178	-20.691825	-38.063200	24.632118
08399	6.451467	-2.237227	10.277861	0.062501	-0.027669	0.102681	-14.627832	-40.190745	21.988054
08400	6.986705	-0.502426	10.291661	0.068380	-0.010117	0.103493	-8.824991	-42.076961	19.522139
08401	8.504600	0.760620	11.114166	0.083672	0.002219	0.112368	-2.976412	-43.571996	16.866448
08402	10.048042	1.658940	11.976192	0.098958	0.010789	0.121623	2.803945	-45.210574	14.283007
08403	10.233148	1.659628	12.256170	0.100507	0.010428	0.124671	9.247421	-46.695025	11.048547
08404	10.057940	1.918411	11.804521	0.098601	0.012648	0.120496	16.568875	-48.307918	7.049118
08405	9.897234	2.684504	10.768979	0.097179	0.020298	0.110631	24.916791	-49.460042	2.060491
08406	9.477916	3.613717	9.607807	0.093345	0.029984	0.099451	33.752452	-50.393450	-3.288631
08407	9.144903	4.252990	8.480345	0.090370	0.036872	0.088439	42.883812	-50.633145	-8.869983
08408	8.960368	4.810319	7.513026	0.088840	0.042925	0.078982	51.985042	-50.573415	-14.270897
08409	8.493702	5.209774	6.932889	0.084354	0.047375	0.073229	60.760829	-49.901664	-19.273823
08410	8.503635	5.429607	6.254518	0.084632	0.049960	0.066491	69.197916	-49.017714	-23.886834
08411	8.915964	5.949709	5.806817	0.088873	0.055415	0.062293	77.098645	-47.689814	-27.938947
08412	8.875785	6.042248	5.455712	0.088494	0.056611	0.058808	84.709535	-46.274821	-31.761719
08413	8.901817	6.135704	4.829136	0.088874	0.057841	0.052597	91.786539	-44.402424	-35.057368
08414	8.956958	6.794705	3.897382	0.089690	0.064880	0.043528	98.551225	-42.451446	-38.136714
08415	8.445558	7.130557	2.979021	0.084793	0.068772	0.034297	104.645840	-40.201093	-40.565947
08416	7.827272	7.078331	1.992260	0.078774	0.068829	0.024159	110.406730	-37.977078	-42.824216
08417	7.235219	6.749379	1.250373	0.072945	0.065970	0.016361	115.487268	-35.567766	-44.437863
08418	7.261352	7.003905	0.453995	0.073344	0.068873	0.008391	120.360141	-33.217627	-46.078697
08419	8.079893	7.884195	-0.445594	0.081733	0.077957	-0.000155	124.787326	-30.738736	-47.341426
08420	7.988668	7.918662	-0.900736	0.080930	0.078460	-0.004548	129.319226	-28.100082	-48.847392
08421	7.742667	7.527960	-1.498671	0.078734	0.074643	-0.010400	133.663001	-24.953045	-49.879127
08422	6.939709	6.741015	-1.784701	0.070851	0.066867	-0.013423	138.228893	-21.385697	-50.971514
08423	5.996066	5.773041	-2.199675	0.061513	0.057416	-0.018038	142.512787	-17.468110	-51.435602
08424	4.716259	4.833165	-2.628294	0.048701	0.048403	-0.023070	146.768528	-13.517142	-51.935056
08425	4.318013	4.429858	-3.111736	0.044692	0.044627	-0.028334	150.445533	-9.743617	-52.016207
08426	4.779373	4.527094	-2.639795	0.048893	0.045453	-0.023908	153.691993	-6.633939	-52.307225
08427	3.692656	4.604153	-4.252737	0.038246	0.046760	-0.040504	156.339880	-3.838047	-52.382652
08428	2.637498	4.215407	-4.461621	0.027781	0.042992	-0.042910	159.019127	-0.791341	-52.859841
08429	2.234327	4.137117	-4.885109	0.023747	0.042270	-0.047381	161.217205	2.107518	-53.138710
08430	1.080991	4.252607	-5.701789	0.012215	0.043526	-0.055958	163.243375	4.763111	-53.828616
08431	-0.021091	4.716057	-6.272860	0.001085	0.048054	-0.062030	164.585565	7.152772	-54.599104
08432	-1.372645	4.850231	-7.415187	-0.012370	0.049226	-0.073908	165.633538	9.440236	-55.917410
08433	-2.400497	5.085196	-8.473453	-0.022600	0.051387	-0.084794	166.131213	11.580288	-57.304996
08434	-3.366282	4.787598	-8.913331	-0.032482	0.048109	-0.089443	166.506604	13.408371	-59.076734
08435	-3.853964	4.175533	-9.333003	-0.037474	0.041793	-0.093744	166.454094	14.918765	-60.802708
08436	-4.586590	4.023181	-9.606501	-0.044991	0.040049	-0.096552	166.447504	16.205405	-62.856273
08437	-5.023326	4.399592	-10.355381	-0.049530	0.043673	-0.104027	166.097841	17.209084	-64.849044
08438	-4.731334	4.725198	-9.984627	-0.046826	0.046930	-0.100226	165.911369	18.137324	-67.052236
08439	-4.890710	4.786848	-9.473078	-0.048758	0.047372	-0.095056	165.377873	18.720223	-69.234258
08440	-5.055170	4.966923	-9.892560	-0.050819	0.048798	-0.099220	164.717119	18.927903	-71.809786
08441	-5.228049	5.338314	-10.317584	-0.053137	0.051950	-0.103465	163.385091	18.536491	-74.643033
08442	-4.926577	6.047156	-10.735428	-0.050873	0.058631	-0.107616	161.924560	17.641140	-77.934875
08443	-4.288858	6.819532	-11.285463	-0.045365	0.066066	-0.113137	159.987438	16.049323	-81.402931
08444	-3.564862	7.584144	-11.579171	-0.039086	0.073505	-0.116164	158.072598	13.916145	-85.352036
08445	-3.606696	8.245394	-11.609596	-0.040302	0.079805	-0.116518	155.952417	11.140806	-89.338094
08446	-3.567108	8.331698	-11.745061	-0.040278	0.080586	-0.117825	154.234086	8.090326	-93.411861
08447	-3.269145	8.325256	-11.732971	-0.037528	0.080643	-0.117661	152.594993	4.604476	-97.207502
08448	-2.410094	8.040381	-11.021491	-0.028988	0.078207	-0.110574	151.406618	0.961945	-101.136823
08449	-1.393653	8.256678	-10.687927	-0.019100	0.080818	-0.107370	150.300003	-3.066649	-104.914247
08450	-0.786307	8.540414	-10.531672	-0.013308	0.083906	-0.105921	149.631566	-7.128568	-108.937049
08451	0.177046	8.821299	-10.287671	-0.004015	0.087065	-0.103730	148.992100	-11.560363	-112.923847
08452	0.913159	8.538614	-9.912206	0.003178	0.084531	-0.100157	148.774998	-16.126355	-117.438284
08453	1.689990	9.120509	-9.766493	0.010166	0.090677	-0.099000	148.769026	-21.224522	-122.169041
08454	2.247852	9.394451	-9.461936	0.015410	0.093707	-0.096165	149.396609	-26.254498	-127.582473
08455	2.474114	8.793790	-9.187631	0.018238	0.087938	-0.093306	150.532720	-31.229245	-133.080043
08456	2.804824	7.939422	-8.607633	0.022462	0.079791	-0.087277	152.554105	-35.575143	-139.091291
08457	3.397539	7.209660	-8.153676	0.029140	0.072994	-0.082552	155.225742	-39.618470	-145.178809
08458	4.020033	6.825858	-7.911067	0.035734	0.069576	-0.080053	158.803086	-43.061448	-152.002783
08459	4.107623	6.608437	-7.773112	0.036811	0.067481	-0.078618	163.096535	-46.235067	-159.298520
08460	4.167135	6.376125	-7.911024	0.037533	0.065196	-0.079966	168.326560	-48.741116	-167.592462
08461	4.024996	5.953772	-7.971422	0.036268	0.060944	-0.080520	174.406631	-50.891469	-176.555619
08462	3.600512	5.269074	-8.164367	0.032370	0.053919	-0.082330	-178.706431	-52.199908	173.644908
08463	3.636347	4.325711	-8.112447	0.033349	0.044600	-0.081668	-171.336180	-52.825319	162.916784
08464	3.811323	3.438642	-7.953701	0.035739	0.035923	-0.079942	-164.300761	-52.605423	153.685480
08465	4.043396	2.916816	-7.534349	0.038555	0.030854	-0.075642	-157.791439	-51.898404	145.139554
08466	4.571905	2.725388	-7.222655	0.044160	0.029112	-0.072458	-152.189135	-50.689511	138.238416
08467	5.397605	2.837822	-6.943360	0.052534	0.030474	-0.069635	-147.207909	-49.289605	132.078264
08468	7.191338	3.516856	-6.942614	0.070219	0.037943	-0.069674	-142.623042	-47.457972	126.518599
08469	7.727396	3.666313	-6.402875	0.075480	0.039763	-0.064285	-138.294299	-45.234427	120.953794
08470	6.410922	2.794704	-5.843703	0.062733	0.030567	-0.058594	-134.522273	-42.556114	116.098358
08471	5.056115	1.741782	-5.646270	0.049680	0.019518	-0.056542	-131.287640	-39.715255	111.736443
08472	3.412000	0.923713	-5.623708	0.033622	0.010732	-0.056264	-128.504681	-36.611650	108.036703
08473	2.828142	0.641512	-5.937121	0.027923	0.007716	-0.059381	-126.083157	-33.544179	104.719386
08474	1.645120	-0.153383	-5.968751	0.016449	-0.000629	-0.059702	-123.989339	-30.408202	102.033469
08475	0.751033	-1.257407	-5.863521	0.007887	-0.011890	-0.058727	-122.136781	-27.754292	100.026048
08476	0.375710	-2.106480	-5.707262	0.004332	-0.020409	-0.057267	-120.386869	-25.340200	98.610312
08477	0.092790	-2.842134	-5.364244	0.001587	-0.027784	-0.053957	-118.694625	-23.361108	97.547995
08478	0.717009	-3.136783	-4.929029	0.007774	-0.030605	-0.049673	-116.953330	-21.628296	96.880352
08479	1.827655	-3.231187	-4.280135	0.018815	-0.031455	-0.043200	-115.214771	-20.257283	96.559505
08480	2.471111	-3.539231	-3.528244	0.025218	-0.034569	-0.035732	-113.375739	-18.980915	96.496624
08481	2.946676	-3.616193	-2.779820	0.029904	-0.035433	-0.028260	-111.502500	-17.980623	96.659919
08482	2.887476	-3.711710	-2.309032	0.029291	-0.036473	-0.023581	-109.528098	-16.934430	97.023404
08483	2.470255	-4.213042	-1.735967	0.025114	-0.041611	-0.018003	-107.502509	-16.017907	97.388746
08484	1.997107	-4.796582	-1.245778	0.020383	-0.047559	-0.013309	-105.285491	-15.054251	97.828180
08485	2.130525	-5.614849	-0.198096	0.021780	-0.055914	-0.003052	-102.990996	-14.075031	98.157228
08486	2.440139	-6.798354	1.205851	0.025065	-0.067961	0.010722	-100.597327	-12.755112	98.517292
08487	2.478404	-7.538479	2.368113	0.025521	-0.075585	0.022193	-98.248730	-11.446224	98.874087
08488	2.555153	-7.871860	3.288008	0.026107	-0.079143	0.031377	-95.929373	-10.223184	99.545677
08489	2.054522	-8.068655	3.616015	0.020815	-0.081270	0.034656	-93.723993	-9.394277	100.465380
08490	1.559201	-7.994519	3.612121	0.015628	-0.080590	0.034630	-91.551492	-8.765584	101.645990
08491	1.347633	-8.509235	4.053420	0.013353	-0.085841	0.038953	-89.434106	-8.421455	102.874075
08492	1.374990	-9.250415	4.859890	0.013524	-0.093387	0.046934	-87.383489	-8.077167	104.185294
08493	1.587574	-10.082454	5.815392	0.015598	-0.101803	0.056490	-85.481612	-7.839072	105.452803
08494	0.874817	-11.040738	6.273494	0.008445	-0.111383	0.061017	-83.784222	-7.585561	106.721984
08495	0.498625	-11.072247	6.166517	0.004657	-0.111595	0.060089	-82.250416	-7.497683	107.938082
08496	0.478286	-10.677032	5.929996	0.004425	-0.107526	0.057940	-80.909046	-7.394094	109.201553
08497	0.394637	-10.604326	5.820696	0.003452	-0.106741	0.056942	-79.639600	-7.524056	110.502117
08498	0.091158	-10.491000	5.744761	0.000275	-0.105581	0.056204	-78.455238	-7.754546	111.817649
08499	0.106141	-10.350986	5.872324	0.000331	-0.104157	0.057571	-77.310972	-8.166813	113.107089
08500	0.189419	-10.358116	6.087187	0.001005	-0.104207	0.059809	-76.304783	-8.678113	114.352124
08501	0.638232	-10.576083	6.216825	0.005253	-0.106385	0.061195	-75.319383	-9.499566	115.557840
08502	1.103489	-10.428299	6.192381	0.009714	-0.104926	0.061045	-74.427294	-10.477219	116.727981
08503	1.671997	-9.936862	6.322315	0.015247	-0.100061	0.062490	-73.526264	-11.684527	117.942032
08504	2.220782	-9.576339	6.520486	0.020525	-0.096534	0.064607	-72.739838	-13.040341	119.210370
08505	2.290818	-9.349386	6.654118	0.020926	-0.094342	0.065982	-71.907708	-14.770794	120.524151
08506	2.367508	-9.165099	6.511453	0.021396	-0.092581	0.064568	-71.141053	-16.817960	121.809447
08507	2.952986	-8.782000	6.339509	0.027043	-0.088913	0.062960	-70.285506	-19.255756	123.080368
08508	4.072460	-8.541958	6.408138	0.038009	-0.086807	0.063861	-69.522033	-21.920991	124.356599
08509	5.013439	-8.563929	6.789701	0.047035	-0.087416	0.067819	-68.637724	-24.991201	125.634623
08510	5.733601	-8.603111	6.796338	0.053830	-0.088244	0.067951	-67.725714	-28.447310	126.859775
08511	6.733983	-8.388345	6.942812	0.063478	-0.086677	0.069581	-66.559206	-32.349624	127.813221
08512	7.146619	-8.054783	7.177609	0.067343	-0.083756	0.072027	-65.414073	-36.524174	129.125137
08513	7.117688	-7.292202	7.199181	0.067139	-0.076284	0.072321	-64.075593	-40.873651	130.237806
08514	6.688448	-6.851624	7.229798	0.062983	-0.071808	0.072547	-62.855217	-45.178874	131.683549
08515	6.323610	-6.665132	7.155266	0.059476	-0.069797	0.071722	-61.541628	-49.488192	133.057059
08516	6.808218	-6.406512	7.086912	0.064525	-0.067225	0.071216	-60.487044	-53.620950	134.434241
08517	6.905692	-6.733112	7.345590	0.065399	-0.070491	0.073785	-59.352890	-57.774468	135.649646
08518	7.121035	-7.483902	7.334310	0.067174	-0.078127	0.073659	-58.464264	-62.077653	136.930970
08519	7.068011	-7.623505	7.051487	0.066513	-0.079552	0.070837	-57.413015	-66.605873	138.107016
08520	7.145257	-6.898769	6.737664	0.067552	-0.072290	0.067871	-56.636182	-71.145089	139.385073
08521	8.058034	-5.839630	6.406811	0.077178	-0.061820	0.064975	-55.703445	-75.588041	140.469325
08522	8.547184	-5.651565	6.443234	0.082202	-0.059964	0.065499	-55.919251	-79.870092	142.591932
08523	8.925683	-4.969720	6.365266	0.086261	-0.053139	0.064932	-57.736731	-84.033551	146.399621
08524	9.757393	-3.977481	6.817021	0.094788	-0.043302	0.069874	-76.779645	-87.899078	167.247361
08525	10.906383	-3.539102	7.592848	0.106160	-0.039102	0.078133	160.928962	-87.537650	-68.758013
08526	10.909749	-3.810564	7.749920	0.105994	-0.041729	0.079844	147.119819	-83.523928	-53.466680
08527	10.371508	-3.778276	7.086216	0.100727	-0.041132	0.073208	143.910409	-79.374987	-48.863534
08528	9.740525	-3.480876	6.117438	0.094742	-0.037784	0.063489	143.247266	-75.115179	-47.066593
08529	9.568343	-2.764882	5.019518	0.093514	-0.030329	0.052618	142.968004	-70.966797	-45.751753
08530	9.058248	-2.634800	4.226404	0.088699	-0.028706	0.044602	143.413829	-66.792107	-45.345914
08531	8.646202	-2.363664	3.519620	0.084850	-0.025791	0.037475	143.775907	-62.731355	-44.828961
08532	8.724288	-1.461031	2.705810	0.086108	-0.016577	0.029393	144.403981	-58.730047	-44.756481
08533	9.283903	-0.722000	2.145059	0.092077	-0.008914	0.023887	144.834975	-55.222751	-44.736590
08534	10.076755	-0.506856	2.044152	0.100110	-0.006453	0.023043	145.464975	-51.887989	-45.435051
08535	10.486851	0.167233	1.585584	0.104428	0.000578	0.018526	145.833327	-48.918749	-46.228122
08536	10.702119	1.102675	0.972880	0.106815	0.010156	0.012431	146.250076	-45.928146	-47.451396
08537	10.568762	1.786123	0.433529	0.105648	0.017170	0.006987	146.430082	-43.168623	-48.615978
08538	9.829818	2.728588	-0.242969	0.098473	0.026719	-0.000022	146.541392	-40.266083	-50.145476
08539	8.684472	3.826472	-1.261384	0.087331	0.037729	-0.010661	146.306087	-37.604298	-51.570497
08540	7.807877	5.087796	-2.441006	0.078915	0.050270	-0.022913	145.935553	-34.823810	-53.141989
08541	7.373972	6.315143	-3.324046	0.074824	0.062466	-0.032078	145.277147	-32.298491	-54.624066
08542	6.742397	7.261483	-4.010963	0.068681	0.071886	-0.039268	144.643009	-29.651316	-56.274308
08543	5.690305	8.264395	-4.859285	0.058260	0.081894	-0.048244	143.850208	-27.399867	-57.850319
08544	4.243936	9.697878	-6.360656	0.043762	0.096087	-0.064055	142.981712	-25.393560	-59.749673
08545	2.492063	11.007783	-8.413423	0.025843	0.108705	-0.085618	141.743373	-24.278751	-61.856572
08546	1.341268	12.398846	-10.528992	0.013420	0.121828	-0.107765	140.261028	-23.875679	-64.365459
08547	0.585082	13.946141	-12.425427	0.004506	0.136364	-0.127670	138.376083	-24.603912	-66.888276
08548	0.208928	14.730649	-14.287476	-0.000618	0.143228	-0.146931	136.234299	-26.035445	-69.397335
08549	0.229234	14.441040	-15.603895	-0.001304	0.139852	-0.160096	133.888566	-28.245116	-71.526783
08550	0.959175	13.573210	-16.019832	0.005563	0.131538	-0.163799	131.677134	-30.679783	-73.283305
08551	2.685534	13.117608	-15.811752	0.022366	0.127899	-0.161422	129.571889	-33.558754	-74.551395
08552	3.841649	12.437850	-14.487468	0.033747	0.122172	-0.147844	127.749653	-36.581073	-75.583379
08553	5.074415	11.789997	-12.843726	0.046321	0.116733	-0.131110	126.142887	-39.749180	-76.329170
08554	5.996551	11.203262	-12.321095	0.055726	0.111546	-0.125588	124.785104	-42.808738	-76.827334
08555	5.518361	10.837196	-11.376691	0.051259	0.108268	-0.115658	123.607194	-45.818331	-76.912553
08556	6.225050	11.046221	-10.094407	0.058778	0.110874	-0.102538	122.570163	-48.455271	-76.519214
08557	8.554023	11.242975	-8.128910	0.082587	0.113515	-0.082796	121.791112	-50.909588	-75.994939
08558	10.150702	10.445613	-5.987483	0.098948	0.106108	-0.061208	121.481868	-53.323641	-75.795265
08559	10.910157	9.989407	-5.389852	0.106266	0.102075	-0.055409	121.377326	-56.187432	-75.980390
08560	10.192605	9.136001	-5.352582	0.098575	0.093908	-0.055298	121.544026	-59.737480	-76.985161
08561	9.499625	8.433988	-5.305038	0.091332	0.087090	-0.054932	122.207996	-63.905693	-78.854127
08562	8.717104	7.980048	-5.381645	0.083418	0.082448	-0.055667	123.585989	-68.300899	-81.525142
08563	7.013200	7.083382	-5.616546	0.066730	0.072844	-0.057666	125.671800	-72.633219	-84.695926
08564	5.986290	6.503412	-6.345205	0.056679	0.066620	-0.064682	128.430949	-76.741641	-88.192268
08565	4.977244	5.591376	-6.933828	0.046676	0.057142	-0.070452	132.573694	-80.921343	-92.988776
08566	2.780589	4.307758	-6.800969	0.024996	0.043549	-0.068774	141.512649	-85.194418	-102.621793
08567	1.726904	2.510911	-6.547649	0.014952	0.025201	-0.065995	-157.595419	-88.863379	-164.228385
08568	1.029984	0.210726	-6.336774	0.008590	0.002009	-0.063617	-62.207531	-85.907480	99.707120
08569	0.682645	-1.232939	-6.106911	0.005451	-0.012470	-0.061174	-53.358992	-81.560714	90.230230
08570	-0.066405	-2.031990	-5.375605	-0.001737	-0.020613	-0.053617	-49.763946	-76.939326	86.020109
08571	0.193956	-2.309314	-4.823125	0.000978	-0.023258	-0.048178	-47.437309	-72.193394	83.093249
08572	0.656395	-2.519550	-3.287230	0.006075	-0.025114	-0.033027	-45.389679	-67.496465	80.646783
08573	1.028520	-2.893370	-1.926392	0.010207	-0.028723	-0.019616	-43.155480	-63.195840	78.200245
08574	2.355940	-3.351270	-1.064298	0.023713	-0.033117	-0.011491	-40.765486	-59.249423	75.803633
08575	3.261720	-2.936087	-0.333435	0.032872	-0.028916	-0.004454	-38.648960	-55.681597	73.862430
08576	3.921009	-1.556048	0.295527	0.039451	-0.015108	0.001751	-36.696148	-52.297119	72.337780
08577	4.747468	-0.633174	0.866302	0.047744	-0.005884	0.007365	-34.941071	-49.185559	71.136365
08578	4.615813	-0.875508	1.363555	0.046547	-0.008449	0.012434	-33.146143	-46.301293	70.110011
08579	5.076710	-1.059225	1.483814	0.051168	-0.010303	0.013591	-31.453219	-43.667885	69.363358
08580	5.018608	-1.607381	2.024955	0.050722	-0.015829	0.019056	-29.896590	-41.155487	69.025412
08581	4.488725	-1.705385	2.678780	0.045518	-0.016970	0.025748	-28.396485	-38.876013	68.908450
08582	4.626841	-1.690959	3.245249	0.046949	-0.016949	0.031431	-26.795927	-36.708906	68.873103
08583	4.797261	-1.960882	4.065368	0.048743	-0.019819	0.039615	-25.173167	-34.781133	68.894128
08584	4.430160	-2.598163	4.909954	0.045169	-0.026369	0.048085	-23.552846	-32.975619	68.994310
08585	4.009743	-2.721260	5.500399	0.041000	-0.027721	0.054071	-22.015680	-31.339653	69.114644
08586	3.647151	-2.791450	5.981573	0.037420	-0.028505	0.058940	-20.500013	-29.687004	69.243385
08587	3.432898	-2.699651	6.663236	0.035324	-0.027669	0.065826	-19.088706	-28.153640	69.418269
08588	3.368715	-2.492819	7.290202	0.034712	-0.025641	0.072165	-17.742244	-26.624435	69.600970
08589	3.284035	-3.108344	7.721740	0.033904	-0.031803	0.076456	-16.526296	-25.212010	69.759620
08590	3.163742	-3.979944	8.200889	0.032693	-0.040579	0.081204	-15.296825	-23.885620	69.926353
08591	2.631613	-4.417332	8.430658	0.027295	-0.045021	0.083539	-14.091412	-22.748179	70.061081
08592	1.688478	-4.713292	8.606045	0.017779	-0.048038	0.085373	-12.850943	-21.689973	70.174920
08593	0.846259	-4.478070	8.756300	0.009273	-0.045733	0.086983	-11.625053	-20.758589	70.204809
08594	0.327851	-3.721249	8.978892	0.004075	-0.038164	0.089353	-10.399453	-19.797347	70.206007
08595	0.595527	-3.191451	9.770891	0.006855	-0.032816	0.097348	-9.379519	-18.812498	70.222542
08596	1.213692	-3.400730	10.838028	0.013154	-0.034805	0.108005	-8.539009	-17.789730	70.340802
08597	1.983492	-3.833719	11.836693	0.020870	-0.039046	0.117954	-7.885234	-16.861784	70.415100
08598	2.778801	-4.255494	12.583567	0.028651	-0.043250	0.125403	-7.222322	-16.085582	70.337452
08599	3.175035	-4.646848	13.232529	0.032293	-0.047146	0.131953	-6.658646	-15.603037	70.099808
08600	3.187367	-4.865988	13.706762	0.032051	-0.049290	0.136800	-6.109649	-15.375837	69.740114
08601	2.608631	-4.636618	13.789315	0.025980	-0.046870	0.137743	-5.698996	-15.368530	69.219482
08602	1.929836	-4.369553	13.555499	0.019049	-0.044019	0.135485	-5.339819	-15.431502	68.556472
08603	1.148832	-4.237674	13.196544	0.011160	-0.042550	0.131938	-5.108883	-15.564356	67.798525
08604	0.354549	-3.847699	13.069018	0.003182	-0.038535	0.130682	-4.864011	-15.721025	67.006819
08605	0.424708	-3.831444	12.895321	0.003904	-0.038269	0.128978	-4.760958	-15.862046	66.154143
08606	1.154518	-3.962118	12.718109	0.011196	-0.039566	0.127229	-4.647243	-15.982528	65.288972
08607	2.025411	-4.163030	12.800724	0.019897	-0.041570	0.128083	-4.667089	-16.120302	64.489525
08608	2.585085	-4.628993	12.939131	0.025432	-0.046168	0.129517	-4.716894	-16.306857	63.814880
08609	2.521497	-5.496515	12.858104	0.024538	-0.054870	0.128752	-4.807780	-16.674277	63.112419
08610	2.461739	-5.637096	12.682441	0.023603	-0.056409	0.126999	-4.685415	-17.269431	62.242817
08611	2.244962	-5.499302	12.713910	0.021163	-0.055070	0.127324	-4.555389	-18.057215	61.191679
08612	2.007528	-5.225374	12.723292	0.018680	-0.052255	0.127442	-4.363974	-18.926911	60.049813
08613	2.105896	-5.198069	12.851284	0.019617	-0.051825	0.128801	-4.377880	-19.822028	58.857824
08614	2.228853	-5.609241	12.939947	0.020783	-0.055759	0.129790	-4.445326	-20.714862	57.620525
08615	2.155035	-5.831379	12.994405	0.019967	-0.057838	0.130405	-4.681999	-21.628193	56.294156
08616	2.023477	-5.381946	12.991784	0.018709	-0.053163	0.130412	-4.938196	-22.524625	54.907626
08617	2.357646	-4.311235	12.758553	0.022253	-0.042327	0.128082	-5.442355	-23.380838	53.535339
08618	3.075758	-3.021775	12.319622	0.029680	-0.029420	0.123650	-5.970175	-24.201083	52.260708
08619	3.658578	-1.759082	11.613234	0.035720	-0.016885	0.116504	-6.637248	-25.005301	51.106151
08620	3.615035	-0.825294	10.827474	0.035408	-0.007689	0.108560	-7.108360	-25.837916	49.931046
08621	3.180199	-0.352353	10.257087	0.031109	-0.003173	0.102794	-7.393334	-26.733454	48.533965
08622	3.391216	-0.322902	9.792361	0.033275	-0.003143	0.098144	-7.279169	-27.619684	46.903120
08623	3.898978	-0.725294	9.480866	0.038385	-0.007310	0.095050	-7.170483	-28.417579	45.362528
08624	4.077247	-1.366121	9.370382	0.040193	-0.013696	0.093948	-7.027224	-29.092955	44.081120
08625	3.978638	-2.047236	9.340595	0.039248	-0.020463	0.093635	-7.038925	-29.662566	43.116990
08626	3.955628	-2.748333	9.747080	0.039080	-0.027400	0.097686	-7.042213	-30.104606	42.349295
08627	4.238195	-3.417591	10.247127	0.042007	-0.033990	0.102687	-7.268665	-30.408263	41.771407
08628	4.234873	-3.952901	10.747452	0.042074	-0.039176	0.107711	-7.583264	-30.608889	41.357755
08629	3.876702	-4.056079	11.222098	0.038599	-0.039994	0.112482	-8.200887	-30.720925	41.092677
08630	3.915553	-3.442517	11.146341	0.039148	-0.033692	0.111689	-8.909507	-30.700864	40.887325
08631	3.815024	-2.421922	10.898760	0.038246	-0.023389	0.109134	-9.834824	-30.589578	40.730748
08632	3.854074	-1.861673	10.614983	0.038652	-0.017841	0.106241	-10.608415	-30.471977	40.448134
08633	3.685394	-1.840560	10.269748	0.036920	-0.017806	0.102779	-11.280934	-30.397720	40.046542
08634	3.223367	-2.259577	10.174915	0.032242	-0.022132	0.101848	-11.680650	-30.380607	39.538002
08635	2.975599	-2.851444	10.312052	0.029753	-0.028064	0.103245	-12.147867	-30.349042	39.093395
08636	2.813344	-3.143609	10.321722	0.028184	-0.030900	0.103365	-12.638973	-30.270488	38.733567
08637	2.818271	-2.576399	10.069381	0.028316	-0.025154	0.100810	-13.345819	-30.103778	38.505290
08638	3.188956	-1.592756	9.837845	0.032141	-0.015254	0.098402	-14.082794	-29.820604	38.391597
08639	3.079348	-0.862547	9.649066	0.031108	-0.007914	0.096450	-14.998271	-29.414640	38.487776
08640	2.661233	-0.394147	9.508651	0.026950	-0.003326	0.095014	-15.709846	-28.994756	38.491890
08641	2.789036	-0.070459	9.355168	0.028225	-0.000289	0.093453	-16.216927	-28.602884	38.292200
08642	2.999274	0.175668	9.225253	0.030309	0.001994	0.092144	-16.406930	-28.297518	37.902715
08643	3.176516	-0.119208	9.335534	0.032036	-0.001041	0.093264	-16.556676	-28.045570	37.459794
08644	3.250377	-0.603611	9.392631	0.032747	-0.005905	0.093850	-16.609463	-27.842969	36.957638
08645	3.495668	-0.907677	9.292430	0.035194	-0.008924	0.092849	-16.770247	-27.605801	36.500986
08646	3.611065	-1.019982	9.330997	0.036360	-0.009999	0.093235	-16.938546	-27.360546	36.105581
08647	3.379103	-0.451475	9.119108	0.034108	-0.004271	0.091084	-17.225850	-26.993153	35.829590
08648	2.859817	0.693241	8.410060	0.028998	0.007178	0.083942	-17.461597	-26.523772	35.502587
08649	2.529643	1.332890	7.657419	0.025754	0.013504	0.076390	-17.646909	-25.964484	35.038765
08650	2.544685	1.295253	7.230799	0.025907	0.013021	0.072131	-17.615174	-25.477345	34.351861
08651	2.595274	0.960308	7.371253	0.026355	0.009583	0.073572	-17.494576	-25.105585	33.570465
08652	2.801040	0.584935	7.998932	0.028331	0.005790	0.079880	-17.289566	-24.915094	32.720794
08653	3.852856	0.304797	8.912928	0.038792	0.002961	0.089018	-17.167977	-24.787889	31.933736
08654	5.425699	0.520935	9.987742	0.054525	0.005193	0.099732	-17.165083	-24.669172	31.305984
08655	6.372286	0.445521	11.114136	0.063967	0.004576	0.110996	-17.337185	-24.524009	30.881435
08656	6.984907	0.607174	12.134271	0.070052	0.006181	0.121220	-17.465272	-24.455603	30.475163
08657	7.844931	0.758022	13.095093	0.078563	0.007607	0.130881	-17.566194	-24.480465	30.061040
08658	9.093841	0.525944	14.245139	0.090812	0.005182	0.142535	-17.604493	-24.715495	29.666647
08659	10.066287	0.263599	15.764717	0.100134	0.002550	0.157985	-17.681499	-25.182973	29.429431
08660	10.680016	-0.167614	17.140982	0.105749	-0.001708	0.172058	-17.820806	-25.955019	29.287723
08661	11.410614	-0.440014	17.898393	0.112506	-0.004457	0.179989	-18.014741	-27.045191	29.163933
08662	11.689210	-0.546338	17.698356	0.114903	-0.005446	0.178276	-18.300677	-28.385710	29.138901
08663	10.854630	-0.539185	17.017862	0.106305	-0.005047	0.171591	-18.819469	-29.882649	29.389183
08664	9.697514	-0.733361	16.016348	0.094621	-0.006762	0.161582	-19.556811	-31.500993	29.880865
08665	8.760800	-1.013375	14.902940	0.085243	-0.009601	0.150421	-20.338722	-33.230645	30.473225
08666	8.265897	-1.289775	14.158229	0.080244	-0.012473	0.142993	-21.136620	-35.080708	31.152667
08667	7.781015	-1.703423	13.572508	0.075390	-0.016639	0.137123	-21.969603	-37.000556	31.898470
08668	7.897489	-1.919842	13.304131	0.076544	-0.018735	0.134510	-22.962814	-38.953044	32.744676
08669	8.360064	-2.072705	13.153050	0.081147	-0.020121	0.133140	-24.155944	-40.907995	33.758164
08670	8.617549	-1.987989	12.891821	0.083699	-0.019178	0.130633	-25.596076	-42.890168	34.973492
08671	8.898387	-1.656703	12.405798	0.086546	-0.015789	0.125858	-27.238761	-44.862487	36.408430
08672	8.831589	-1.265117	11.745352	0.085992	-0.011756	0.119244	-29.240417	-46.764774	38.189917
08673	8.825101	-1.092852	10.811606	0.086119	-0.009998	0.109897	-31.472917	-48.556630	40.259500
08674	8.360741	-1.380285	10.332849	0.081582	-0.012885	0.105039	-33.989392	-50.255598	42.650128
08675	8.605783	-1.085609	9.827644	0.084135	-0.009939	0.100010	-36.677609	-51.830894	45.296042
08676	9.390133	-0.418741	9.241930	0.092071	-0.003201	0.094268	-39.733966	-53.231117	48.383777
08677	9.410784	-0.210698	9.031886	0.092282	-0.001052	0.092187	-43.067590	-54.432157	51.914806
08678	8.809094	-0.721279	8.781426	0.086334	-0.006184	0.089606	-46.767182	-55.430055	55.914615
08679	6.261904	-2.640053	9.086780	0.060961	-0.025587	0.092209	-50.518085	-56.316973	59.970787
08680	4.428853	-5.100269	9.559509	0.042641	-0.050254	0.096726	-54.388538	-57.251631	63.823416
08681	5.601494	-5.670442	9.658973	0.054253	-0.055832	0.098081	-58.344212	-58.256412	67.540018
08682	7.761376	-4.056385	8.764418	0.075893	-0.039708	0.089509	-62.780793	-59.175983	71.701172
08683	8.005547	-2.116850	7.631154	0.078418	-0.020438	0.078174	-67.511957	-59.975848	76.335896
08684	7.166623	-1.529173	6.351127	0.070231	-0.014707	0.065216	-72.709883	-60.606907	81.466597
08685	6.173294	-1.951221	5.364599	0.060525	-0.018986	0.055176	-78.051294	-61.027568	86.751544
08686	5.450495	-2.655889	4.646195	0.053530	-0.026021	0.047868	-83.609244	-61.115224	92.026847
08687	5.408355	-2.880735	3.856968	0.053345	-0.028251	0.039972	-88.975276	-60.915754	97.099715
08688	5.557479	-2.703925	3.042935	0.055044	-0.026484	0.031835	-94.296434	-60.353906	101.873094
08689	5.436534	-2.236829	2.113735	0.054047	-0.021841	0.022448	-99.174198	-59.505921	106.311200
08690	5.089012	-2.168696	1.243485	0.050766	-0.021225	0.013656	-103.811929	-58.360229	110.256206
08691	4.912880	-2.463346	0.561293	0.049173	-0.024223	0.006831	-108.022229	-57.062228	113.928446
08692	4.780595	-2.350904	-0.118144	0.047986	-0.023158	-0.000008	-111.955814	-55.522846	117.057475
08693	4.486859	-2.136785	-0.802891	0.045170	-0.021101	-0.006946	-115.454658	-53.903241	119.890031
08694	4.060080	-2.126524	-1.426060	0.041024	-0.021087	-0.013267	-118.689930	-52.107946	122.292099
08695	3.634525	-2.197795	-1.986722	0.036878	-0.021888	-0.018954	-121.560815	-50.283723	124.394417
08696	3.222825	-2.582883	-2.366672	0.032858	-0.025817	-0.022788	-124.241077	-48.347485	126.111137
08697	3.087808	-2.669294	-2.869004	0.031592	-0.026754	-0.027836	-126.656227	-46.448212	127.645041
08698	3.133645	-2.535525	-3.383584	0.032113	-0.025468	-0.033007	-128.899475	-44.474714	128.859782
08699	2.892423	-2.419624	-3.811554	0.029751	-0.024368	-0.037357	-130.890501	-42.522567	129.830190
08700	2.356247	-2.395525	-4.201980	0.024438	-0.024221	-0.041357	-132.768189	-40.508281	130.568310
08701	1.881069	-2.287607	-4.565605	0.019702	-0.023232	-0.045092	-134.496488	-38.595050	131.211716
08702	1.509998	-2.068865	-4.878124	0.015981	-0.021113	-0.048312	-136.152286	-36.703496	131.730740
08703	1.290226	-2.024540	-5.121374	0.013778	-0.020717	-0.050791	-137.720263	-34.941227	132.264375
08704	1.190888	-2.022745	-5.381171	0.012783	-0.020727	-0.053416	-139.243384	-33.216497	132.716042
08705	0.987928	-1.947511	-5.681445	0.010755	-0.020012	-0.056464	-140.669228	-31.593907	133.136055
08706	0.675022	-1.796021	-6.160948	0.007637	-0.018579	-0.061318	-142.073137	-29.989921	133.438129
08707	0.336946	-1.516682	-6.636247	0.004249	-0.015858	-0.066147	-143.412014	-28.497900	133.696763
08708	-0.110582	-1.358554	-7.175892	-0.000224	-0.014343	-0.071616	-144.697099	-27.044685	133.867009
08709	-0.634029	-1.227536	-7.844279	-0.005466	-0.013115	-0.078369	-145.904577	-25.723828	133.997245
08710	-1.068712	-1.015908	-8.467523	-0.009847	-0.011070	-0.084660	-147.057839	-24.469921	134.003754
08711	-1.315293	-0.823845	-8.977748	-0.012370	-0.009185	-0.089794	-148.152785	-23.366550	133.977011
08712	-1.416790	-0.759700	-9.388146	-0.013444	-0.008530	-0.093905	-149.168219	-22.343887	133.886099
08713	-1.713233	-0.711025	-9.624696	-0.016466	-0.008001	-0.096291	-150.084758	-21.437558	133.788527
08714	-1.790571	-0.637096	-9.784886	-0.017302	-0.007186	-0.097899	-150.905089	-20.605015	133.669673
08715	-1.923630	-0.601535	-9.843212	-0.018694	-0.006753	-0.098487	-151.635691	-19.876198	133.575797
08716	-2.292008	-0.484128	-9.950138	-0.022442	-0.005539	-0.099573	-152.291374	-19.207271	133.429838
08717	-2.310591	-0.280862	-10.354418	-0.022709	-0.003503	-0.103610	-152.901262	-18.639885	133.230093
08718	-2.452366	0.045544	-10.833453	-0.024221	-0.000218	-0.108403	-153.418908	-18.145584	132.945443
08719	-2.695405	0.383993	-11.333618	-0.026770	0.003238	-0.113398	-153.826636	-17.770990	132.611291
08720	-2.899361	0.774520	-11.769896	-0.028968	0.007247	-0.117737	-154.065155	-17.512922	132.185912
08721	-3.107802	1.056666	-11.677208	-0.031203	0.010204	-0.116771	-154.159145	-17.373861	131.697453
08722	-3.193986	0.985735	-11.134204	-0.032162	0.009655	-0.111296	-154.092848	-17.356164	131.199611
08723	-2.875421	0.862517	-10.728083	-0.029047	0.008573	-0.107206	-153.922536	-17.438591	130.712735
08724	-2.644112	0.728922	-10.446362	-0.026800	0.007310	-0.104370	-153.634912	-17.593800	130.170491
08725	-2.530916	0.710108	-10.372427	-0.025744	0.007165	-0.103613	-153.301300	-17.798903	129.575005
08726	-2.427704	0.700561	-10.498989	-0.024789	0.007136	-0.104861	-152.847788	-18.069394	128.904280
08727	-2.290998	0.558370	-10.520970	-0.023479	0.005820	-0.105071	-152.321195	-18.398296	128.253926
08728	-2.158141	0.445523	-10.546250	-0.022202	0.004817	-0.105317	-151.637336	-18.808220	127.584808
08729	-2.204936	0.276250	-10.504297	-0.022722	0.003232	-0.104885	-150.876605	-19.273939	126.941626
08730	-2.167836	0.236059	-10.394805	-0.022426	0.002925	-0.103773	-149.949947	-19.833911	126.229987
08731	-2.136712	0.311159	-10.159251	-0.022193	0.003764	-0.101391	-148.932557	-20.464015	125.511980
08732	-1.904175	0.339408	-9.744636	-0.019925	0.004110	-0.097240	-147.735993	-21.193538	124.677553
08733	-1.581091	0.042513	-9.108986	-0.016713	0.001161	-0.090920	-146.488777	-21.990399	123.841193
08734	-1.032471	-0.381317	-8.567262	-0.011220	-0.003052	-0.085588	-145.088543	-22.867464	122.914237
08735	-0.596029	-0.516328	-8.011916	-0.006833	-0.004396	-0.080092	-143.636317	-23.746427	122.004931
08736	-0.457028	-0.540259	-7.605024	-0.005428	-0.004626	-0.076042	-142.018526	-24.657216	120.949197
08737	-0.391573	-0.446356	-7.163390	-0.004766	-0.003692	-0.071623	-140.353034	-25.577233	119.928650
08738	-0.362500	-0.324899	-6.782355	-0.004477	-0.002485	-0.067802	-138.521804	-26.558595	118.726875
08739	-0.145209	-0.570713	-6.168351	-0.002262	-0.004971	-0.061720	-136.640956	-27.565904	117.583164
08740	-0.135961	-0.857120	-5.455669	-0.002107	-0.007884	-0.054633	-134.559474	-28.621136	116.235414
08741	-0.139834	-1.083084	-4.759235	-0.002085	-0.010215	-0.047700	-132.408777	-29.661712	114.899793
08742	0.041504	-1.165558	-4.222646	-0.000224	-0.011099	-0.042375	-130.052845	-30.696179	113.211375
08743	0.502634	-0.938689	-3.662958	0.004452	-0.008865	-0.036830	-127.575842	-31.675008	111.539008
08744	1.077914	-0.505137	-3.221534	0.010257	-0.004542	-0.032458	-124.813020	-32.643603	109.633497
08745	1.911520	0.109701	-2.742488	0.018655	0.001585	-0.027713	-121.862376	-33.580355	107.822141
08746	2.681909	0.945057	-1.941053	0.026487	0.009825	-0.019676	-118.567619	-34.527788	105.790683
08747	3.726362	1.396518	-0.821945	0.037128	0.014111	-0.008572	-115.094262	-35.489253	103.830147
08748	4.081778	1.400945	0.656104	0.040947	0.013829	0.006119	-111.340429	-36.422868	101.557203
08749	4.147015	0.490680	2.157582	0.041877	0.004413	0.020879	-107.540052	-37.297970	99.196093
08750	4.244845	-0.994524	3.444688	0.043104	-0.010655	0.033395	-103.570658	-37.972127	96.484466
08751	3.972514	-2.484024	4.412539	0.040600	-0.025699	0.042805	-99.558230	-38.414730	93.655882
08752	3.672067	-3.660357	4.966818	0.037795	-0.037476	0.048175	-95.455029	-38.518166	90.617103
08753	3.649364	-4.177890	5.324720	0.037785	-0.042580	0.051674	-91.455094	-38.171036	87.549143
08754	3.270182	-4.341550	5.728936	0.034231	-0.044182	0.055775	-87.492351	-37.320503	84.436244
08755	2.800400	-4.636351	5.985007	0.029691	-0.047158	0.058383	-83.698754	-36.186361	81.421671
08756	2.897827	-5.031350	6.621035	0.030834	-0.051248	0.064619	-79.936126	-34.854019	78.562240
08757	3.349984	-5.057260	7.842682	0.035526	-0.051795	0.076700	-76.285623	-33.479732	75.978133
08758	3.800068	-5.742618	9.393191	0.040112	-0.059109	0.091970	-72.676129	-32.224441	73.709811
08759	3.790008	-6.049231	10.463900	0.039878	-0.062625	0.102609	-69.116539	-31.257683	71.633442
08760	4.666533	-6.315931	11.082660	0.048527	-0.065465	0.108647	-65.647436	-30.380540	69.732385
08761	4.642650	-6.683700	11.610291	0.048328	-0.069133	0.113943	-62.421832	-29.429028	67.981750
08762	4.371490	-7.344889	11.923196	0.045707	-0.075642	0.117075	-59.408755	-28.322883	66.389285
08763	4.264302	-7.507293	12.167273	0.044756	-0.077128	0.119593	-56.645674	-27.063737	64.929130
08764	4.447360	-7.476828	12.328375	0.046692	-0.076659	0.121269	-54.103636	-25.627870	63.657011
08765	4.478015	-7.443642	12.716417	0.046999	-0.076313	0.125220	-51.728327	-24.177184	62.529295
08766	5.070373	-6.773437	13.203386	0.052804	-0.069677	0.130172	-49.438598	-22.769487	61.597215
08767	5.408704	-6.971735	14.133568	0.056089	-0.071773	0.139501	-47.274807	-21.478789	60.838912
08768	5.349802	-7.397761	14.870932	0.055120	-0.076323	0.146908	-45.115621	-20.492681	60.213845
08769	5.684160	-7.445490	15.288404	0.058071	-0.076967	0.151157	-42.979222	-19.792031	59.648687
08770	5.341817	-7.522156	15.469337	0.054356	-0.077711	0.153118	-40.957806	-19.258768	59.198786
08771	4.936770	-7.282817	15.024735	0.050039	-0.075217	0.148833	-38.997872	-18.901684	58.697726
08772	4.871733	-6.889901	14.626598	0.049233	-0.071149	0.145003	-37.134223	-18.623420	58.222490
08773	5.120183	-6.281419	14.273326	0.051648	-0.064917	0.141620	-35.357371	-18.386691	57.743790
08774	5.491892	-5.170868	14.063858	0.055378	-0.053626	0.139732	-33.722152	-18.096119	57.432364
08775	5.706292	-4.636009	14.318506	0.057562	-0.048065	0.142417	-32.260227	-17.730410	57.326564
08776	6.113633	-4.076462	14.714849	0.061582	-0.042359	0.146507	-30.919593	-17.328960	57.521923
08777	5.983415	-3.686911	15.312041	0.060086	-0.038496	0.152617	-29.613846	-17.031086	57.902872
08778	5.761366	-3.318526	15.861696	0.057526	-0.035035	0.158247	-28.257262	-16.958300	58.378326
08779	6.314013	-2.490039	16.189844	0.062657	-0.027041	0.161738	-26.747959	-17.178508	58.801841
08780	6.511535	-2.104230	16.051262	0.064320	-0.023314	0.160514	-25.178895	-17.609469	59.317337
08781	5.795874	-1.964257	15.528280	0.056934	-0.022010	0.155337	-23.504018	-18.243011	59.837355
08782	4.945210	-0.860447	14.753502	0.048359	-0.011024	0.147728	-21.734063	-18.962185	60.378158
08783	4.660991	-0.551033	13.924706	0.045564	-0.007871	0.139472	-19.884402	-19.706994	60.888966
08784	4.027577	-0.665606	13.406896	0.039273	-0.009097	0.134214	-17.918779	-20.433079	61.507459
08785	3.321340	-0.872324	12.933191	0.032276	-0.011274	0.129363	-15.781260	-21.151595	62.150788
08786	1.869660	-1.460593	12.800719	0.017876	-0.017332	0.127773	-13.542032	-21.794996	62.911149
08787	1.432957	-0.913066	12.491559	0.013702	-0.011884	0.124744	-11.220951	-22.290149	63.650641
08788	1.241454	-0.653410	12.339006	0.011974	-0.009297	0.123246	-8.881194	-22.624692	64.412723
08789	0.482161	-0.576355	12.039294	0.004521	-0.008643	0.120221	-6.379371	-22.871069	65.112134
08790	0.277515	-0.580249	11.746760	0.002623	-0.008806	0.117271	-3.691738	-23.005799	65.777526
08791	-0.307038	-1.619791	12.037167	-0.003117	-0.019484	0.119867	-0.770317	-23.112763	66.310145
08792	-0.789020	-2.356858	12.206619	-0.007875	-0.027125	0.121308	2.438131	-23.164325	66.629984
08793	0.135477	-2.915148	12.300742	0.001420	-0.032821	0.122059	5.841060	-23.141865	66.736380
08794	0.516694	-3.816545	12.433608	0.005317	-0.041806	0.123133	9.148683	-23.080471	66.931877
08795	0.544928	-4.087801	12.378092	0.005662	-0.044321	0.122563	12.275858	-23.002487	67.183782
08796	0.677159	-4.087584	12.232637	0.006997	-0.044008	0.121207	15.160867	-22.877907	67.376932
08797	0.585474	-3.912810	11.829816	0.006085	-0.041915	0.117316	17.840128	-22.690550	67.492452
08798	-0.183027	-3.436820	11.120299	-0.001516	-0.036758	0.110431	20.282446	-22.360789	67.578157
08799	-0.536129	-3.237736	10.347108	-0.004986	-0.034360	0.102841	22.488263	-21.862682	67.612716
08800	-0.406727	-2.919534	9.723715	-0.003676	-0.030896	0.096720	24.536471	-21.223778	67.546874
08801	-0.245488	-2.335857	9.744943	-0.002041	-0.024959	0.097056	26.498595	-20.465218	67.381816
08802	0.004760	-1.928709	9.990869	0.000521	-0.020763	0.099607	28.253597	-19.646155	67.205478
08803	-0.674508	-1.544664	10.340469	-0.006187	-0.016736	0.103236	29.764090	-18.753211	67.074336
08804	-1.105837	-0.408718	10.242994	-0.010291	-0.005154	0.102459	31.077577	-17.633612	66.920651
08805	-0.368407	0.431279	10.557060	-0.002730	0.003343	0.105632	32.227600	-16.293413	66.684604
08806	0.434096	1.592108	11.015493	0.005410	0.014977	0.110237	33.236485	-14.965031	66.425707
08807	1.103731	3.112374	11.111771	0.012235	0.030242	0.111232	34.090375	-13.644073	66.271375
08808	1.661266	3.644673	11.041901	0.017735	0.035489	0.110553	35.000130	-12.412388	66.006607
08809	1.715206	4.229317	10.582187	0.018126	0.041219	0.106080	36.072280	-11.291274	65.621173
08810	1.593082	4.347330	9.730144	0.016731	0.042369	0.097650	37.299103	-10.277190	65.046604
08811	1.444960	4.179987	8.887084	0.015058	0.040719	0.089267	38.618731	-9.377394	64.378275
08812	1.165758	4.042605	7.832728	0.012118	0.039460	0.078746	39.982646	-8.602629	63.634767
08813	1.242858	4.131364	6.686055	0.012793	0.040461	0.067309	41.349791	-7.936302	62.928968
08814	1.394077	4.760569	5.676856	0.014267	0.046866	0.057298	42.711791	-7.401617	62.242440
08815	1.745687	4.772469	4.826375	0.017713	0.047031	0.048845	44.136470	-6.972644	61.535892
08816	3.450330	4.107486	4.433800	0.034563	0.040279	0.045013	45.800732	-6.826828	60.843396
08817	4.253800	4.359686	4.813838	0.042228	0.042810	0.049102	47.693088	-7.317731	60.303242
08818	3.616219	6.281976	5.394208	0.035368	0.062141	0.055231	49.507207	-8.416428	59.816672
08819	-0.766378	7.551118	7.159794	-0.008914	0.074680	0.072315	50.836127	-9.749253	59.248159
08820	-0.810222	8.958354	8.588133	-0.007772	0.089235	0.086273	51.384663	-9.420278	58.976429
08821	4.614533	7.494586	4.877085	0.047193	0.074361	0.048658	51.811506	-8.041658	59.220576
08822	2.599155	5.744435	4.029908	0.026687	0.056905	0.040606	52.632990	-6.923597	58.742458
08823	-0.308008	4.705933	5.576350	-0.002751	0.046614	0.056152	53.761733	-6.092651	57.480431
08824	-1.506823	4.186497	6.561064	-0.014710	0.041477	0.065936	55.014997	-4.888566	55.905353
08825	-2.245481	3.458550	6.231320	-0.021889	0.034424	0.062602	56.191185	-3.149898	54.472279
08826	-2.687350	2.308652	5.605411	-0.026420	0.023128	0.056252	57.300208	-1.171765	53.094036
08827	-2.839971	1.943995	5.710689	-0.028086	0.019514	0.057236	58.301398	0.731064	51.714452
08828	-2.846707	3.054239	6.082541	-0.028002	0.030647	0.060988	59.055810	2.450077	50.437149
08829	-2.918482	3.808902	6.020205	-0.028587	0.038333	0.060333	59.486007	4.119573	49.296321
08830	-3.028098	4.336981	5.737507	-0.029586	0.043738	0.057456	59.715670	5.802228	48.104061
08831	-2.974299	5.122090	5.400253	-0.028878	0.051643	0.054067	59.828644	7.575443	46.849836
08832	-3.009654	5.581475	5.237457	-0.029154	0.056278	0.052409	59.853156	9.328246	45.472329
08833	-3.309138	5.902134	5.674350	-0.032188	0.059552	0.056705	59.727350	10.998597	43.975324
08834	-4.011943	6.004122	6.207167	-0.039353	0.060705	0.061913	59.486598	12.465644	42.419458
08835	-4.459148	6.063785	6.738046	-0.043982	0.061369	0.067116	59.111621	13.784501	40.773557
08836	-4.887106	6.442336	7.394385	-0.048364	0.065216	0.073579	58.685327	14.952093	38.980666
08837	-5.753659	7.882132	8.152190	-0.056873	0.079856	0.080975	58.061665	16.144795	37.063197
08838	-6.398371	9.747159	7.905535	-0.062647	0.098865	0.078384	57.243560	17.576816	35.074024
08839	-4.670354	10.417576	7.771106	-0.044834	0.105448	0.077082	56.163544	19.365018	33.082088
08840	-4.498896	10.426558	7.276313	-0.043133	0.105567	0.071993	54.886049	21.031497	31.087854
08841	-4.701763	10.791397	7.120336	-0.045174	0.109297	0.070266	53.388291	22.574882	28.904422
08842	-4.609068	10.134285	7.625036	-0.044430	0.102766	0.075313	51.772817	24.034447	26.550839
08843	-4.525668	9.022615	8.361803	-0.044060	0.091596	0.082756	50.104019	25.281259	24.057464
08844	-4.813573	8.794344	9.405262	-0.047342	0.089367	0.093103	48.374556	26.219314	21.485618
08845	-4.815819	8.317519	9.847239	-0.047741	0.084671	0.097389	46.451486	26.858997	18.958612
08846	-4.854904	7.416083	9.977119	-0.048685	0.075636	0.098585	44.454432	27.048007	16.512907
08847	-5.714890	8.224453	10.442473	-0.057662	0.083815	0.102875	42.379226	26.762920	14.268037
08848	-6.922968	9.030640	10.308540	-0.069700	0.092195	0.101064	40.092406	26.341490	11.988505
08849	-7.200873	9.220778	10.040698	-0.072319	0.094236	0.098264	37.698851	25.902957	9.559930
08850	-7.138220	9.222493	9.938033	-0.071579	0.094305	0.097249	35.316287	25.434032	6.917265
08851	-6.554118	8.715704	10.133332	-0.065874	0.089117	0.099381	33.016370	24.826503	4.233063
08852	-5.839267	8.274644	10.676817	-0.059104	0.084567	0.104923	30.828773	23.949085	1.676442
08853	-5.594917	8.151119	10.716662	-0.056874	0.083168	0.105381	28.795757	22.839353	-0.645914
08854	-5.365150	8.287856	10.474190	-0.054554	0.084340	0.103087	26.999578	21.639014	-2.902466
08855	-5.054638	8.189465	10.202541	-0.051473	0.083151	0.100527	25.415056	20.309184	-5.128248
08856	-5.549421	9.213629	10.387605	-0.056333	0.093480	0.102202	23.893317	18.921879	-7.346419
08857	-5.734310	8.853155	9.317872	-0.057748	0.090001	0.091497	22.282384	17.698376	-9.591397
08858	-5.250202	8.173184	8.328466	-0.052659	0.083060	0.081851	20.784808	16.601690	-11.815127
08859	-4.117989	7.734897	8.254631	-0.041374	0.078454	0.081393	19.416230	15.497910	-13.904251
08860	-2.718933	7.385515	8.702621	-0.027569	0.074749	0.086136	18.177191	14.331783	-15.841803
08861	-2.128222	7.178156	8.868562	-0.021709	0.072545	0.087956	17.071683	13.128714	-17.728499
08862	-1.743886	7.271872	8.372061	-0.017721	0.073301	0.083150	16.160470	11.918767	-19.712378
08863	-1.617320	7.404116	7.962353	-0.016368	0.074505	0.079149	15.414675	10.658181	-21.717245
08864	-1.996445	7.629118	7.551184	-0.020062	0.076747	0.075022	14.791920	9.368150	-23.735754
08865	-2.471570	7.498976	6.872889	-0.024680	0.075452	0.068233	14.292614	8.111133	-25.735754
08866	-2.818421	7.743100	6.435705	-0.028029	0.077930	0.063819	13.830899	6.927520	-27.647251
08867	-2.613664	8.166711	5.525132	-0.025711	0.082148	0.054734	13.367317	5.853530	-29.550088
08868	-1.661147	8.204729	5.074744	-0.016015	0.082357	0.050435	13.014001	4.934931	-31.465089
08869	-1.208509	8.031861	5.000475	-0.011466	0.080504	0.049850	12.824128	4.154178	-33.297032
08870	-1.027429	8.125963	4.842492	-0.009655	0.081363	0.048378	12.771451	3.479534	-34.975095
08871	-0.914982	8.159778	4.795001	-0.008580	0.081643	0.047977	12.830542	2.915439	-36.458312
08872	-0.546225	7.919002	5.066637	-0.005056	0.079169	0.050740	12.930182	2.434764	-37.653847
08873	-0.345931	7.884390	5.391943	-0.003195	0.078779	0.054031	13.094095	2.019231	-38.584494
08874	-0.302216	8.266234	5.608465	-0.002770	0.082568	0.056236	13.295600	1.751498	-39.301216
08875	-0.039497	8.529556	5.731185	-0.000102	0.085188	0.057473	13.509687	1.627645	-39.930750
08876	0.602476	8.340265	5.901312	0.006321	0.083257	0.059187	13.725444	1.620488	-40.443173
08877	0.529127	7.941184	6.269035	0.005558	0.079259	0.062860	13.977256	1.709507	-40.836980
08878	0.539916	7.674272	6.596860	0.005642	0.076589	0.066127	14.213775	1.871521	-41.082183
08879	0.597029	7.659601	6.660142	0.006192	0.076433	0.066768	14.492783	2.083030	-41.234935
08880	0.604319	7.458362	7.102223	0.006233	0.074416	0.071181	14.755399	2.317330	-41.254669
08881	0.455327	7.083407	7.448788	0.004679	0.070660	0.074645	15.054206	2.538258	-41.160221
08882	0.275623	6.986126	7.656879	0.002842	0.069676	0.076734	15.349828	2.770732	-40.910912
08883	0.343238	6.950356	7.816361	0.003479	0.069317	0.078327	15.679400	3.005810	-40.562559
08884	0.259154	6.733188	7.992310	0.002623	0.067124	0.080096	16.015305	3.254057	-40.090552
08885	0.260182	6.595860	8.284791	0.002635	0.065719	0.083037	16.417456	3.505979	-39.582295
08886	0.246483	6.346588	8.627788	0.002498	0.063194	0.086476	16.829727	3.751987	-38.994429
08887	0.090234	6.255768	8.822201	0.000934	0.062244	0.088443	17.311421	3.983327	-38.405348
08888	0.101365	6.276482	8.972033	0.001049	0.062427	0.089955	17.793342	4.215687	-37.777352
08889	0.120581	6.064799	9.347432	0.001224	0.060282	0.093710	18.326593	4.402893	-37.142782
08890	-0.064090	6.022156	9.580096	-0.000639	0.059851	0.096033	18.822864	4.578971	-36.407397
08891	-0.152745	6.065727	9.849232	-0.001542	0.060299	0.098712	19.322328	4.731124	-35.639393
08892	-0.013446	5.909520	10.056004	-0.000182	0.058731	0.100773	19.806132	4.842180	-34.795812
08893	-0.092352	6.029805	10.286916	-0.001003	0.059869	0.103118	20.377372	4.906567	-33.975482
08894	-0.160334	6.065902	10.706181	-0.001689	0.060213	0.107311	20.915181	4.956346	-33.120476
08895	-0.087701	6.011019	10.996702	-0.000977	0.059657	0.110212	21.483347	4.962594	-32.295959
08896	-0.055603	6.107296	11.019537	-0.000711	0.060612	0.110448	22.032247	4.928101	-31.420587
08897	-0.085494	6.203649	11.072229	-0.001088	0.061580	0.110974	22.604327	4.813910	-30.528073
08898	-0.183811	6.252968	10.978492	-0.002139	0.062055	0.110048	23.162451	4.652172	-29.546185
08899	-0.174940	6.122251	11.179930	-0.002090	0.060722	0.112066	23.768954	4.423738	-28.533439
08900	-0.001784	5.558970	11.663004	-0.000348	0.055077	0.116872	24.352825	4.154915	-27.420962
08901	0.098960	5.072660	12.219452	0.000648	0.050216	0.122407	24.946341	3.798934	-26.310740
08902	0.080098	4.376167	12.580964	0.000446	0.043239	0.125992	25.496376	3.372415	-25.213377
08903	-0.161685	3.942634	12.551130	-0.002010	0.038847	0.125685	26.088652	2.864908	-24.279780
08904	-0.198233	3.711754	12.331977	-0.002424	0.036547	0.123481	26.637926	2.321996	-23.446294
08905	-0.254843	3.232199	12.139193	-0.003059	0.031753	0.121529	27.203130	1.675338	-22.769633
08906	-0.520065	3.032038	11.818707	-0.005768	0.029744	0.118306	27.735517	0.985752	-22.168483
08907	-0.453762	2.901470	11.457031	-0.005177	0.028459	0.114681	28.285829	0.206157	-21.703164
08908	-0.671671	2.520668	11.345097	-0.007392	0.024648	0.113531	28.801657	-0.605308	-21.297948
08909	-0.833081	2.008808	10.939122	-0.009000	0.019567	0.109432	29.309993	-1.457138	-21.014485
08910	-0.549179	1.697776	10.918779	-0.006228	0.016472	0.109225	29.801381	-2.347168	-20.823624
08911	-0.349330	1.612959	10.578115	-0.004301	0.015682	0.105817	30.279285	-3.332560	-20.752213
08912	-0.656596	1.370094	10.343555	-0.007457	0.013244	0.103433	30.753778	-4.379174	-20.794062
08913	-1.069124	1.583497	9.760194	-0.011602	0.015425	0.097562	31.218249	-5.469858	-20.976494
08914	-1.212796	2.307140	8.815216	-0.012973	0.022775	0.088107	31.564637	-6.528322	-21.154720
08915	-1.053455	2.630833	8.271704	-0.011291	0.026127	0.082673	31.795104	-7.539354	-21.315015
08916	-0.527602	2.439489	8.166882	-0.005985	0.024251	0.081662	31.985675	-8.496427	-21.432974
08917	-0.275810	2.433793	8.230269	-0.003445	0.024203	0.082316	32.191650	-9.430746	-21.568564
08918	-0.183082	2.415985	8.004390	-0.002435	0.024043	0.080062	32.367631	-10.260607	-21.676866
08919	-0.072495	2.276440	7.767489	-0.001238	0.022665	0.077697	32.538187	-11.007951	-21.770869
08920	-0.040540	2.199380	7.707142	-0.000836	0.021908	0.077092	32.663710	-11.649885	-21.774796
08921	-0.303597	2.329871	7.452484	-0.003367	0.023221	0.074534	32.769359	-12.181986	-21.733942
08922	-0.461441	2.397894	7.307004	-0.004870	0.023906	0.073077	32.850049	-12.594031	-21.663063
08923	-0.426112	2.451447	7.341740	-0.004419	0.024450	0.073429	32.921305	-12.876705	-21.558052
08924	-0.171742	2.402878	7.424030	-0.001762	0.023984	0.074254	32.937315	-12.999584	-21.347961
08925	-0.161757	2.276136	7.456936	-0.001565	0.022721	0.074583	32.935978	-13.014669	-21.055490
08926	-0.177412	2.250243	7.687950	-0.001625	0.022455	0.076897	32.922504	-12.895947	-20.699436
08927	-0.102714	2.219612	7.586101	-0.000782	0.022107	0.075890	32.983167	-12.641959	-20.344346
08928	-0.671295	2.337713	7.375803	-0.006372	0.023225	0.073836	33.135565	-12.217400	-19.981340
08929	2.478980	-0.697355	8.755335	0.025261	-0.007551	0.087370	33.798110	-11.557013	-19.842656
08930	8.996547	1.933326	17.617914	0.090551	0.010315	0.176560	38.928177	-10.210763	-21.304749
08931	-2.889809	7.782186	12.377537	-0.027823	0.074682	0.125916	42.816166	-8.952533	-23.768591
08932	0.579905	5.331598	9.723945	0.006721	0.051736	0.098023	44.772918	-7.462963	-25.570544
08933	2.179264	7.590245	7.541100	0.022600	0.074805	0.076260	46.105356	-6.583952	-27.283449
08934	2.502923	8.050075	7.997359	0.025436	0.079631	0.080710	47.085899	-6.128535	-28.758482
08935	1.454765	8.485489	7.400401	0.014997	0.084300	0.074545	47.841952	-5.706517	-30.062588
08936	1.825053	8.170221	7.193272	0.018747	0.081194	0.072378	48.476730	-5.189145	-31.018069
08937	1.564113	8.294130	6.553989	0.016141	0.082509	0.065961	49.088931	-4.688090	-31.722076
08938	0.945319	8.229064	5.973224	0.009903	0.081966	0.060103	49.637020	-4.219649	-32.220440
08939	0.193241	7.729370	6.114574	0.002345	0.077057	0.061428	50.085781	-3.757836	-32.545671
08940	0.251346	7.090621	6.869397	0.002884	0.070759	0.068831	50.322825	-3.317360	-32.689497
08941	0.285834	6.405791	7.682969	0.003163	0.064039	0.076833	50.346139	-2.964031	-32.727726
08942	0.693686	6.120466	8.211348	0.007185	0.061264	0.082047	50.242972	-2.673107	-32.756602
08943	0.685464	6.107795	8.490139	0.007055	0.061141	0.084840	50.144069	-2.421027	-32.890188
08944	0.589816	6.175538	8.367535	0.006059	0.061764	0.083657	50.114948	-2.155351	-33.236698
08945	0.496171	6.588388	7.771978	0.005117	0.065850	0.077739	50.150755	-1.891287	-33.787448
08946	0.271193	6.937118	6.870977	0.002889	0.069334	0.068740	50.206740	-1.626272	-34.462785
08947	-0.056636	7.138126	6.063941	-0.000379	0.071373	0.060651	50.248856	-1.398998	-35.178843
08948	-0.203918	7.299037	5.720463	-0.001849	0.073000	0.057199	50.267122	-1.185831	-35.889649
08949	-0.156420	7.573678	5.583406	-0.001387	0.075750	0.055821	50.270916	-1.018108	-36.563693
08950	-0.064199	7.907787	5.544795	-0.000463	0.079079	0.055449	50.285627	-0.860922	-37.231214
08951	-0.008807	8.081108	5.714490	0.000110	0.080783	0.057184	50.352990	-0.694227	-37.944433
08952	0.131420	8.227638	5.816781	0.001529	0.082219	0.058244	50.459052	-0.506038	-38.680839
08953	0.400866	8.479732	5.825235	0.004229	0.084732	0.058332	50.554120	-0.327832	-39.375614
08954	0.499117	8.684784	5.897721	0.005204	0.086799	0.059030	50.604486	-0.153118	-39.999708
08955	0.695247	8.795372	6.113327	0.007142	0.087923	0.061156	50.611884	-0.001974	-40.555793
08956	0.909205	8.917380	6.140241	0.009260	0.089149	0.061414	50.593405	0.131317	-41.074329
08957	0.979736	9.093710	6.076385	0.009953	0.090907	0.060783	50.585951	0.237006	-41.573083
08958	0.976789	9.264581	5.873114	0.009929	0.092617	0.058749	50.575400	0.347871	-42.031656
08959	0.829179	9.293856	5.671961	0.008468	0.092927	0.056713	50.549623	0.471388	-42.421707
08960	0.863360	9.273133	5.563549	0.008794	0.092741	0.055594	50.481708	0.597794	-42.716043
08961	0.883813	9.374521	5.449847	0.008988	0.093770	0.054431	50.394342	0.714176	-42.926754
08962	0.961867	9.339950	5.418683	0.009751	0.093440	0.054094	50.276527	0.833062	-43.053865
08963	0.955052	9.109297	5.555028	0.009654	0.091149	0.055440	50.147508	0.928935	-43.098484
08964	1.114645	8.914091	5.850122	0.011196	0.089220	0.058372	49.990444	0.985792	-43.053744
08965	1.110739	8.795460	6.013570	0.011115	0.088034	0.060018	49.852005	0.989690	-42.995006
08966	1.236612	8.904770	6.121686	0.012358	0.089115	0.061120	49.734053	0.985696	-42.935525
08967	1.182261	8.886321	6.016265	0.011817	0.088906	0.060100	49.665612	0.972356	-42.899172
08968	1.082458	8.718551	6.016733	0.010822	0.087202	0.060143	49.634721	0.969040	-42.889895
08969	0.855427	8.660589	5.790996	0.008558	0.086595	0.057926	49.662171	0.959430	-42.907071
08970	0.816227	8.661624	5.648167	0.008154	0.086601	0.056505	49.693900	0.950313	-42.896200
08971	0.663543	8.631458	5.591439	0.006630	0.086288	0.055957	49.760320	0.934185	-42.874049
08972	0.692702	8.661750	5.479604	0.006921	0.086587	0.054846	49.830743	0.934156	-42.808625
08973	0.574775	8.525027	5.483201	0.005735	0.085213	0.054891	49.926653	0.920216	-42.705595
08974	0.450122	8.426714	5.421898	0.004491	0.084223	0.054289	50.031223	0.926769	-42.543024
08975	0.280397	8.174833	5.474551	0.002780	0.081710	0.054803	50.133266	0.914032	-42.277817
08976	0.178572	7.852069	5.671194	0.001737	0.078490	0.056756	50.209070	0.880183	-41.906742
08977	0.148443	7.689573	5.985638	0.001420	0.076873	0.059887	50.277108	0.804512	-41.465630
08978	0.229200	7.482350	6.465243	0.002232	0.074807	0.064674	50.325622	0.723775	-41.001879
08979	0.340207	7.415011	6.884146	0.003354	0.074136	0.068859	50.379340	0.631091	-40.580183
08980	0.530726	7.358294	7.287386	0.005281	0.073578	0.072881	50.409651	0.569451	-40.233436
08981	0.566423	7.234684	7.561414	0.005642	0.072348	0.075614	50.432670	0.504008	-40.004476
08982	0.586278	7.077832	7.602607	0.005837	0.070785	0.076021	50.432521	0.455318	-39.865448
08983	0.463066	7.146230	7.427629	0.004607	0.071485	0.074256	50.411187	0.403264	-39.772686
08984	0.282333	7.273265	7.039009	0.002800	0.072762	0.070361	50.366719	0.369570	-39.706576
08985	0.129633	7.481491	6.631203	0.001269	0.074843	0.066281	50.326220	0.321547	-39.669816
08986	-0.014582	7.595470	6.204964	-0.000166	0.075976	0.062024	50.287422	0.296809	-39.654714
08987	-0.056414	7.705909	5.985371	-0.000573	0.077071	0.059838	50.271811	0.272141	-39.649808
08988	-0.020515	7.702835	5.881252	-0.000207	0.077033	0.058806	50.262277	0.268670	-39.646783
08989	0.167736	7.737482	6.044437	0.001669	0.077380	0.060439	50.261074	0.244823	-39.639492
08990	0.342282	7.743053	6.220311	0.003411	0.077439	0.062193	50.246522	0.229195	-39.626726
08991	0.497224	7.769453	6.277765	0.004969	0.077702	0.062769	50.241592	0.211213	-39.616718
08992	0.577963	7.844186	6.310186	0.005774	0.078448	0.063095	50.231711	0.202855	-39.602877
